Station Name,STEPHENVILLE A,,,,,,,,,,,,,,,,,,,,,,,
Province,NEWFOUNDLAND,,,,,,,,,,,,,,,,,,,,,,,
Latitude,48.53,,,,,,,,,,,,,,,,,,,,,,,
Longitude,-58.55,,,,,,,,,,,,,,,,,,,,,,,
Elevation,24.7,,,,,,,,,,,,,,,,,,,,,,,
Climate Identifier,8403800,,,,,,,,,,,,,,,,,,,,,,,
WMO Identifier,71815,,,,,,,,,,,,,,,,,,,,,,,
TC Identifier,YJT,,,,,,,,,,,,,,,,,,,,,,,
,,,,,,,,,,,,,,,,,,,,,,,,
Legend,,,,,,,,,,,,,,,,,,,,,,,,
B,More than one occurrence and estimated,,,,,,,,,,,,,,,,,,,,,,,
E,Estimated,,,,,,,,,,,,,,,,,,,,,,,
M,Missing,,,,,,,,,,,,,,,,,,,,,,,
S,More than one occurrence,,,,,,,,,,,,,,,,,,,,,,,
T,Trace,,,,,,,,,,,,,,,,,,,,,,,
[empty],No data available,,,,,,,,,,,,,,,,,,,,,,,
^,The value displayed is based on incomplete data,,,,,,,,,,,,,,,,,,,,,,,
,,,,,,,,,,,,,,,,,,,,,,,,
Date/Time,Year,Month,Mean Max Temp (°C),Mean Max Temp Flag,Mean Min Temp (°C),Mean Min Temp Flag,Mean Temp (°C),Mean Temp Flag,Extr Max Temp (°C),Extr Max Temp Flag,Extr Min Temp (°C),Extr Min Temp Flag,Total Rain (mm),Total Rain Flag,Total Snow (cm),Total Snow Flag,Total Precip (mm),Total Precip Flag,Snow Grnd Last Day (cm),Snow Grnd Last Day Flag,Dir of Max Gust (10's deg),Dir of Max Gust Flag,Spd of Max Gust (km/h),Spd of Max Gust Flag
Jan-87,1987,1,-3.3,,-10.5,,-6.9,,4.2,,-21.9,,14.4,,102.8,,114.3,,49,,8,,111,
Feb-87,1987,2,-2.7,,-9.5,,-6.1,,3.1,S,-16.4,,14.5,,140.2,,143.8,,75,,7,,94,
Mar-87,1987,3,0.8,,-7.9,,-3.6,,10.4,,-21.2,,18.1,,20.5,,35.2,,7,,8,,106,
Apr-87,1987,4,8.2,,0.2,,4.2,,14.8,,-5.8,,102.6,,6.7,,109.3,,0,,11,,96,
May-87,1987,5,11,,2.5,,6.8,,19.8,,-2.4,,56.4,,0,,56.4,,0,,23,S,65,S
Jun-87,1987,6,16.3,,7.9,,12.1,,22.9,,4.1,,84.4,,0,,84.4,,0,,13,,74,
Jul-87,1987,7,21.6,,12.3,,17,,30.6,,5.1,,42.2,,0,,42.2,,0,,25,,67,
Aug-87,1987,8,20.4,,12,,16.2,,25.1,,2.8,,124.6,,0,,124.6,,0,,24,S,80,S
Sep-87,1987,9,16,,9.3,,12.7,,22.2,,3.9,,144.9,,0,T,144.9,,0,,26,,67,
Oct-87,1987,10,12.6,,5.3,,9,,20.9,,-0.5,,183.2,,0,T,183.2,,0,,24,,102,
Nov-87,1987,11,4.5,,-2.3,,1.1,,15,,-10.2,,91.8,,14.2,,104.5,,0,,15,,102,
Dec-87,1987,12,-0.6,,-5.1,,-2.9,,10.1,,-14.6,,33.2,,80.9,,106.7,,37,,34,S,81,S
Jan-88,1988,1,-2,,-8.9,,-5.5,,7,,-18.8,,21.1,,94.1,,105,,40,,22,,117,
Feb-88,1988,2,-2.9,,-12.2,,-7.6,,4.4,,-21.2,,26.7,,112.1,,126.1,,48,,11,,130,
Mar-88,1988,3,1.5,,-6.4,,-2.5,,12.1,,-13.1,,53.6,,38.1,,89.2,,2,,24,S,65,S
Apr-88,1988,4,7.6,,0.4,,4,,13.4,,-5.8,,42,,2.2,,44.2,,0,,9,,104,
May-88,1988,5,13.3,,5,,9.2,,19.4,,-0.5,,103,,0,,103,,0,,7,,111,
Jun-88,1988,6,14.8,,7.2,,11,,22.6,,2.4,,107.3,,0,,107.3,,0,,9,S,65,S
Jul-88,1988,7,20.4,,12.1,,16.3,,25.7,,7.7,,151,,0,,151,,0,,8,,41,
Aug-88,1988,8,20.7,,12.3,,16.5,,27.2,,5.8,,82.1,,0,,82.1,,0,,24,,63,
Sep-88,1988,9,15.6,,8.2,,11.9,,22.4,,1.3,,143,,0,,143,,0,,25,,74,
Oct-88,1988,10,10.4,,4.1,,7.3,,16.3,,-0.4,,106.3,,1.6,,107.9,,0,,14,,83,
Nov-88,1988,11,6.4,,1,,3.7,,12.6,,-7.8,,118.8,,30.6,,148.8,,0,T,21,,93,
Dec-88,1988,12,-1.1,,-6.6,,-3.9,,4.4,,-13.3,,11.9,,90.7,,99.9,,29,,21,,107,
Jan-89,1989,1,-2.9,,-11.5,,-7.2,,6.4,,-17.8,,24.2,,111.9,,128,,52,,8,,93,
Feb-89,1989,2,-4.8,,-13,,-8.9,,6.6,,-21.8,,49,,84,,126.8,,55,,6,,65,
Mar-89,1989,3,-2.2,,-12.2,,-7.2,,6.6,,-22.7,,20.6,,41,,59.2,,38,,23,,83,
Apr-89,1989,4,6.3,,-1.2,,2.6,,12.6,,-6.7,,16.4,,10.3,,26.7,,0,,24,,81,
May-89,1989,5,14.5,,5,,9.8,,21.8,,-1,,100.4,,0,,100.4,,0,,14,,52,
Jun-89,1989,6,18.1,,9.5,,13.8,,28.9,,3.6,,69.6,,0,,69.6,,0,,11,,57,
Jul-89,1989,7,20.7,,12.4,,16.6,,25.6,,5.8,,82.7,,0,,82.7,,0,,8,,67,
Aug-89,1989,8,20.5,,13.7,,17.1,,24.7,,6,,345.6,,0,,345.6,,0,,22,S,59,S
Sep-89,1989,9,17.1,,9.2,,13.2,,29.1,,1,,113.4,,2.4,,115.8,,0,,29,,83,
Oct-89,1989,10,9.8,,3.3,,6.6,,17.6,,-0.2,,160.8,,1,,161.8,,0,,21,S,59,S
Nov-89,1989,11,5.1,,-1.7,,1.7,,17.4,,-11.7,,,M,,M,,M,15,,24,,78,
Dec-89,1989,12,-2.6,,-8.1,,-5.4,,5.2,,-15.4,,1.6,,219.5,,193.1,,120,,8,,102,
Jan-90,1990,1,-2.2,,-10.6,,-6.4,,9.1,,-24,,55.4,,113.9,,149.3,,64,,28,,93,
Feb-90,1990,2,-7,,-18.7,,-12.9,,4.1,,-29.5,,9,,121.5,,107,,108,,29,,74,
Mar-90,1990,3,-2.9,,-13.4,,-8.2,,5.4,,-29.2,,32.4,,49.2,,80,,48,,18,,93,
Apr-90,1990,4,5.6,,-2.4,,1.6,,11,,-8.9,,72.6,,33.8,,106.4,,0,,3,,69,
May-90,1990,5,10.7,,1.6,,6.2,,16.4,,-3.7,,96.8,,11.6,,108.4,,0,,30,,74,
Jun-90,1990,6,17.1,,8.7,,12.9,,22.3,,2.8,,71.1,,0,,71.1,,0,,24,,65,
Jul-90,1990,7,19.9,,11.8,,15.9,,25.2,,6.4,,190.9,,0,,190.9,,0,,24,,56,
Aug-90,1990,8,21.6,,13.1,,17.4,,28.1,,6.6,,105.8,,0,,105.8,,0,,10,,102,
Sep-90,1990,9,17.4,,8.5,,13,,22.5,,1.9,,129.1,,0,,129.1,,0,,11,,59,
Oct-90,1990,10,11.5,,4.6,,8.1,,19.5,,-2,,198.4,,5.8,,204.2,,0,,25,,102,
Nov-90,1990,11,5.2,,0,,2.6,,13.1,,-8.9,,93.5,,45.7,,134.6,,0,,35,,102,
Dec-90,1990,12,2,,-6.1,,-2.1,,10.2,,-16.2,,190.6,,62,,245.4,,4,,11,,94,
Jan-91,1991,1,-5.8,,-14.5,,-10.2,,4,,-21.3,,3,,185.5,,166.9,,89,,11,,120,
Feb-91,1991,2,-4.2,,-14.9,,-9.6,,8,,-24.8,,27.6,,69.1,,94.2,,52,,28,,83,
Mar-91,1991,3,2.5,,-5.9,,-1.7,,9.8,,-20.9,,55.9,,38.1,,95.4,,6,,6,,119,
Apr-91,1991,4,4.6,,-3.3,,0.6,,14,,-10.8,,20,,21.9,,40.1,,0,,9,,78,
May-91,1991,5,9.4,,1.7,,5.6,,14.3,,-2.7,,89.8,,1.8,,91.6,,0,,17,,56,
Jun-91,1991,6,14.6,,6.1,,10.4,,27.5,,1,,77.8,,0,,77.8,,0,,26,,69,
Jul-91,1991,7,18.8,,10.8,,14.8,,25.1,,4.2,,62.6,,0,,62.6,,0,,24,,61,
Aug-91,1991,8,19.8,,11.1,,15.5,,26.8,,5.7,,126.6,,0,,126.6,,0,,24,,87,
Sep-91,1991,9,15,,8.3,,11.7,,20.5,,3.4,,188,,0,,188,,0,,28,,59,
Oct-91,1991,10,11.3,,5.2,,8.3,,18.3,,-1,,118.8,,5.8,,124.6,,0,,6,,65,
Nov-91,1991,11,6,,0.9,,3.4,,16.8,,-4.9,,84.4,,17,,101.4,,0,T,24,,85,
Dec-91,1991,12,-1.4,,-9.5,,-5.4,,8,,-16,,24.4,,109,,118.5,,42,,28,,93,
Jan-92,1992,1,-3.8,,-10.5,,-7.2,,7.3,S,-18.5,,10.1,,42,,48,,18,,17,,98,
Feb-92,1992,2,-4.4,,-14,,-9.2,,4.3,,-23.4,,3.8,,98,,94.3,,63,,7,,122,
Mar-92,1992,3,-1.8,,-11,,-6.4,,11.6,,-22,,25.2,,119,,139.4,,17,,27,,83,
Apr-92,1992,4,3.8,,-4.4,,-0.3,,13.6,,-10.1,,34.7,,44.3,,79,,0,,28,,83,
May-92,1992,5,10.7,,1.9,,6.3,,19.9,,-2,,61.2,,16,,77.2,,0,,24,,74,
Jun-92,1992,6,16.4,,7.7,,12.1,,24.5,,0.1,,81.6,,0,,81.6,,0,,33,,56,
Jul-92,1992,7,16.7,,9.5,,13.1,,23.1,,4,,53.6,,0,,53.6,,0,,1,,59,
Aug-92,1992,8,19,,12.5,,15.8,,22.9,,6.8,,120,,0,,120,,0,,33,,61,
Sep-92,1992,9,16.7,,9.2,,12.9,,21.8,,3.6,,88.8,,0,,88.8,,0,,25,,65,
Oct-92,1992,10,10.7,,4.5,,7.6,,19.2,,0.1,,144.2,,0.2,,144.4,,0,,8,,83,
Nov-92,1992,11,2.2,,-3,,-0.4,,11.3,,-14.9,,84.5,,30.5,,113.4,,1,,24,I,52,I
Dec-92,1992,12,-1,,-8.1,,-4.6,,6.5,,-17.3,,52.5,,90.6,,136.3,,29,,28,I,83,I
Jan-93,1993,1,-4.8,,-12,,-8.4,,4.5,,-25.1,,24.6,,123.1,,140.3,,92,,26,,85,
Feb-93,1993,2,-6.5,,-18,,-12.3,,8.5,,-28.8,,13.4,,102.8,,110.1,,92,,11,I,107,I
Mar-93,1993,3,-0.6,,-10.6,,-5.6,,5.7,,-21.7,,16.2,,97.4,,111.4,,29,,9,,107,
Apr-93,1993,4,6.9,,-1.3,,2.8,,15.5,,-10,,88,,0.2,,88.2,,0,,28,I,50,I
May-93,1993,5,11.4,,3.2,,7.3,,20.1,,-7.1,,250.4,,0,,250.4,,0,,7,I,61,I
Jun-93,1993,6,15.7,,7,,11.4,,22.7,,1.8,,90.8,,0,,90.8,,0,,7,I,74,I
Jul-93,1993,7,18.4,,10.5,,14.5,,23.7,,6.6,,144.8,,0,,144.8,,0,,11,I,56,I
Aug-93,1993,8,20.1,,11.7,,15.9,,28,,6.1,,108.8,,0,,108.8,,0,,30,,52,
Sep-93,1993,9,16.4,,8.6,,12.5,,21,,3.5,S,114.2,,0,,114.2,,0,,28,I,65,I
Oct-93,1993,10,9.9,,1.9,,5.9,,16.9,,-2.9,,167,,6,,173,,0,,9,I,117,I
Nov-93,1993,11,4.9,,-1.4,,1.8,,11.9,,-12.3,,74.9,,29.7,,104.6,,0,T,27,I,93,I
Dec-93,1993,12,2.2,,-3.3,,-0.5,,13.8,,-17.2,,78,,108.8,,187.8,,67,,23,I,102,I
Jan-94,1994,1,-3.7,,-11.8,,-7.8,,7.3,,-22.4,,35,,93.9,,128.5,,36,,17,,102,
Feb-94,1994,2,-7.2,,-15.8,,-11.5,,3,,-24.4,,8.6,,81.5,,88.7,,58,,9,,96,
Mar-94,1994,3,0.5,,-8.1,,-3.9,,7.2,,-23.3,,52,,81.5,,129.5,,28,,9,,85,
Apr-94,1994,4,5.1,,-2.7,,1.2,,13.5,,-15.6,,179.8,,10.8,,190.2,,0,,29,,96,
May-94,1994,5,11,,2,,6.5,,16.5,,-2.7,,146.8,,8.2,,155,,0,,11,,89,
Jun-94,1994,6,15.6,,7.8,,11.7,,22.4,,2.1,,148.9,,0,,148.9,,0,,25,,56,
Jul-94,1994,7,19.6,,12,,15.8,,24.8,,6.6,,132.4,,0,,132.4,,0,,24,,52,
Aug-94,1994,8,20.7,,12.5,,16.6,,24.9,,6.2,,81.8,,0,,81.8,,0,,26,,65,
Sep-94,1994,9,16.1,,7.8,,12,,21.3,,2.1,,171.6,,0,,171.6,,0,,11,,74,
Oct-94,1994,10,11,,4.5,,7.7,,17.3,,-1.1,,106.8,,0,T,106.8,,0,,31,,78,
Nov-94,1994,11,6,,0.2,,3.1,,17.5,,-7.3,,107.1,,40.2,,146.7,,6,,29,,96,
Dec-94,1994,12,0.1,,-6.5,,-3.2,,4.5,,-16.5,,8.7,,88.6,,93.3,,12,,14,,120,
Jan-95,1995,1,-2.5,,-8.5,,-5.5,,6.4,,-19.7,,50.2,,164.1,,205.2,,80,,21,,95,
Feb-95,1995,2,-4.3,,-13.9,,-9.1,,6.6,,-23.5,,11,,125,,134,,109,,12,,124,
Mar-95,1995,3,0.6,,-7.6,,-3.5,,9,,-20.9,,56.3,,30.4,,86.1,,34,,24,,63,
Apr-95,1995,4,5.4,,-2,,1.8,,13.4,,-11.6,,28.8,,33.4,,63.2,,0,,9,,70,
May-95,1995,5,12,,2.9,,7.5,,19.5,,-2.9,,34.6,,0,,34.6,,0,,7,,78,
Jun-95,1995,6,15.4,,7.5,,11.5,,21.1,,2.8,,222.5,,0,,222.5,,0,,30,,78,
Jul-95,1995,7,19.8,,12.8,,16.3,,26.1,,4.5,,135,,0,,135,,0,,25,,74,
Aug-95,1995,8,20,,11.6,,15.8,,26.2,,6,,89,,0,,89,,0,,8,,67,
Sep-95,1995,9,15.7,,7.9,,11.8,,20.4,,2.5,,97,,0,,97,,0,,9,,89,
Oct-95,1995,10,11.9,,5,,8.4,,22.2,,0.1,,140.8,,1.2,,142.4,,0,,25,I,80,I
Nov-95,1995,11,6,,-0.1,,3,,17.4,,-7.9,,149.2,,8.4,,159.7,,0,T,10,,83,
Dec-95,1995,12,0,,-5.5,,-2.8,,6.9,S,-11.6,S,8.9,,55.9,,43,,5,,21,,85,
Jan-96,1996,1,-2,,-9.7,,-5.9,,10.4,,-17.8,,51.8,,57.4,,94.4,,11,,12,,102,
Feb-96,1996,2,0.2,,-7.7,,-3.8,,12.7,,-19.9,,127,,57.4,,171,,9,,15,,111,
Mar-96,1996,3,1.5,,-6.1,,-2.3,,11.1,,-15.2,,9,,61.2,,56.2,,10,,9,S,117,S
Apr-96,1996,4,8.1,,0,,4.1,,17.4,,-3.2,,41.4,,6,,46.8,,0,,9,I,98,I
May-96,1996,5,10.2,,2.9,,6.6,,16.7,,-2.1,,96.8,,13.6,,112.6,,0,,22,,69,
Jun-96,1996,6,15.8,,7.2,,11.5,,24,,1.4,,70.6,,0,,70.6,,0,,10,,65,
Jul-96,1996,7,18.9,,12.5,,15.7,,23.7,,8,,196.4,,0,,196.4,,0,,11,,61,
Aug-96,1996,8,21.2,,13.2,,17.2,,25,,8.3,,39.2,,0,,39.2,,0,,23,,70,
Sep-96,1996,9,15.8,,7.2,,11.5,,25.2,,1.3,,125.2,,0,,125.2,,0,,26,,72,
Oct-96,1996,10,10.5,,2.9,,6.7,,17.1,,-2.1,,77.4,,4.6,,82.4,,0,,8,,104,
Nov-96,1996,11,5.1,,-0.3,,2.4,,18.1,,-11.4,,57.2,,50.4,,108.4,,15,,27,,89,
Dec-96,1996,12,3.7,,-2.9,,0.4,,14.6,,-13,,73.4,,71.8,,128.8,,22,,23,,109,
Jan-97,1997,1,-1.6,,-9.4,,-5.6,,8.4,,-16.3,,37.6,,152.4,,150.4,,76,,16,,95,
Feb-97,1997,2,-4.2,,-11.9,,-8.1,,4.3,,-19.7,,4.6,,94.6,,73,,130,,25,,83,
Mar-97,1997,3,-1.8,,-11.8,,-6.9,,6.3,,-24.5,S,68.2,,69.8,,118.8,,85,,8,I,93,I
Apr-97,1997,4,3.7,,-2.1,,0.8,,9.8,,-7.2,,45.2,,48.8,,86.6,,16,,6,,98,
May-97,1997,5,9.8,,2,,6,,15.2,,-2.6,,114,,5.4,,120,,0,,8,,83,
Jun-97,1997,6,16,,6.3,,11.2,,27.1,,2.2,,108,,0,,108,,0,,36,,59,
Jul-97,1997,7,19.9,,11.9,,15.9,,27.7,,7.6,,129.6,,0,,129.6,,0,,34,,63,
Aug-97,1997,8,19.3,,11.6,,15.5,,24.6,,5.8,,121.6,,0,,121.6,,0,,3,,65,
Sep-97,1997,9,16.5,,10,,13.3,,21.3,,0.6,,120.8,,0.6,,121.4,,0,,32,,74,
Oct-97,1997,10,9.4,,3.1,,6.2,,17.7,,-0.8,,112,,5.2,,117.2,,0,,26,,70,
Nov-97,1997,11,4.4,,-0.9,,1.7,,15.2,,-7.9,,74.4,,52.4,,117.4,,35,,24,,89,
Dec-97,1997,12,0.7,,-4.5,,-1.9,,8.6,,-14.5,,34.8,,67.2,,86.4,,24,,21,,82,
Jan-98,1998,1,-1.6,,-8.5,,-5.1,,8.8,,-15.9,,17,,82,,78.8,,46,,12,I,102,I
Feb-98,1998,2,-0.2,,-7.9,,-4,,11.8,,-19.8,,33.6,,10.2,,39.8,,0,T,8,,82,
Mar-98,1998,3,2.2,,-4.2,,-1,,9.5,,-12,,58.2,,59.8,,109.4,,0,T,7,,104,
Apr-98,1998,4,6.3,,-0.6,,2.9,,13.5,,-4.9,,92.8,,22,,114,,0,,6,I,76,I
May-98,1998,5,14.5,,4.9,,9.7,,22.1,,-0.8,,103.5,,0,,103.5,,0,,9,,74,
Jun-98,1998,6,17.7,,8.4,,13.1,,24.9,,2.8,,27.6,,0,,27.6,,0,,8,,78,
Jul-98,1998,7,20.7,,13.1,,16.9,,25.2,,9.7,,192.2,,0,,192.2,,0,,6,,61,
Aug-98,1998,8,19.5,,12.8,,16.2,,24.3,,7.8,,196.4,,0,,196.4,,0,,7,,74,
Sep-98,1998,9,16.7,,9.5,,13.2,,21.4,,3.3,,190.7,,0,,190.7,,0,,29,,76,
Oct-98,1998,10,10.6,,4.2,,7.4,,18.6,,-3.1,,94.2,,0.2,,94.4,,0,,9,,89,
Nov-98,1998,11,4.9,,-0.3,,2.3,,13.5,,-5,,71.1,,39.5,,104.8,,0,T,24,,102,
Dec-98,1998,12,0.6,,-5.3,,-2.3,,10.3,,-11.3,S,40,,99,,119.7,,41,,26,,93,
Jan-99,1999,1,-1.4,,-9.1,,-5.3,,9.1,,-19.6,,63.4,,91,,133.7,,27,,22,,102,
Feb-99,1999,2,0.4,,-6.6,,-3.1,,8.1,,-14.8,,87.2,,71.5,,147.5,,19,,11,I,78,I
Mar-99,1999,3,5,,-1.8,,1.6,,19.7,,-11.9,,22.5,,46.7,,63.8,,15,,9,,111,
Apr-99,1999,4,6.5,,-0.2,,3.2,,13.2,S,-7,,13.3,,17.2,,29.1,,0,,7,,95,
May-99,1999,5,13.8,,4.9,,9.4,,21.5,,-2,,73.8,,4.4,,78.2,,0,,24,,74,
Jun-99,1999,6,18.5,,9,,13.8,,25.2,,1.9,,52,,0,,52,,0,,23,I,50,I
Jul-99,1999,7,21.1,,13.3,,17.2,,28.3,,7.7,,76.4,,0,,76.4,,0,,24,,59,
Aug-99,1999,8,21.2,,12.7,,17,,26.4,,6.7,,172.6,,0,,172.6,,0,,22,,89,
Sep-99,1999,9,19.4,,11,,15.2,,25.2,,2.3,,156,,0,,156,,0,,32,,107,
Oct-99,1999,10,10.1,,3.4,,6.8,,19.1,,-2.2,,156.8,,12,,168.8,,0,,27,,100,
Nov-99,1999,11,5.6,,-0.1,,2.7,,15.6,,-7.7,,131.8,,36.6,,163.8,,1,,25,,72,
Dec-99,1999,12,1.6,,-2.6,,-0.5,,10.4,,-9.5,,83.4,,60.4,,141.4,,47,,7,,83,
Jan-00,2000,1,0.1,,-7.7,,-3.8,,11.3,,-18.5,,57.4,,107.2,,148.4,,39,,9,,98,
Feb-00,2000,2,-1.2,,-9.2,,-5.2,,10.5,,-17.8,,32.5,,124.4,,131.9,,85,,22,,93,
Mar-00,2000,3,3.8,,-4.4,,-0.3,,11.9,,-16.6,,94.8,,27,,118.2,,0,T,16,,82,
Apr-00,2000,4,7,,-0.7,,3.2,,14.6,,-7,,75.3,,8.4,,82.9,,0,,13,,96,
May-00,2000,5,10.8,,2.3,,6.6,,20.7,,-2.8,,175.6,,3,,178.6,,0,,10,,85,
Jun-00,2000,6,15.6,,7.1,,11.4,,26.4,,0.6,,84,,0,,84,,0,,20,S,63,S
Jul-00,2000,7,20.9,,13,,16.9,,25.7,,8.9,,110.8,,0,,110.8,,0,,20,,67,
Aug-00,2000,8,22.1,,14,,18.1,,27.5,,8.7,,113.6,,0,,113.6,,0,,25,,52,
Sep-00,2000,9,16.7,,8.6,,12.7,,24.2,,2.4,,81.4,,0,,81.4,,0,,33,,70,
Oct-00,2000,10,10.7,,4.3,,7.5,,20.7,,-1.3,,216.8,,2,,218.8,,0,,8,,137,
Nov-00,2000,11,6.6,,1.5,,4,,14.2,,-8.7,,61.8,,12.2,,71.6,,0,T,9,,76,
Dec-00,2000,12,0.6,,-5.2,,-2.3,,10.8,,-12.7,,30.2,,131,,134.2,,49,,24,,95,
Jan-01,2001,1,-2.7,,-9.4,,-6.1,,1.1,,-19.1,,0.2,,64,,46.4,,110,,26,,78,
Feb-01,2001,2,-2.6,,-10.1,,-6.4,,4.8,,-17.7,,13.8,,148.8,,147,,93,,25,,107,
Mar-01,2001,3,1,,-6.1,,-2.6,,6.9,,-20,,6.2,,38.8,,46.2,,28,,9,,89,
Apr-01,2001,4,4.8,,-2.8,,1,,12.2,,-7.2,,72.8,,17.6,,91.8,,0,T,7,,80,
May-01,2001,5,13.2,,4,,8.6,,20.2,,-2.4,,68.4,,0.6,,69,,0,,7,,65,
Jun-01,2001,6,16.8,,8.5,,12.7,,22.4,,1,,68.4,,0,,68.4,,0,,30,,57,
Jul-01,2001,7,20.6,,12.6,,16.6,,26.2,,7.6,,70,,0,,70,,0,,24,,65,
Aug-01,2001,8,22.3,,13.5,,17.9,,29.9,,5.1,,76.6,,0,,76.6,,0,,23,,63,
Sep-01,2001,9,17.5,,9.7,,13.6,,24.3,,2.4,,118,,0,,118,,0,,32,,70,
Oct-01,2001,10,12.7,,5.4,,9.1,,20.3,,-0.9,,86.2,,5.8,,93,,1,,19,,80,
Nov-01,2001,11,5.9,,-0.5,,2.7,,13.8,,-8.8,,150.8,,20.2,,168.8,,0,,31,,109,
Dec-01,2001,12,2.6,,-2.3,,0.1,,8.8,S,-7.5,,70.2,,72,,132,,16,,25,,91,
Jan-02,2002,1,-3.6,,-9.6,,-6.6,,3.2,,-17.3,,7.6,,89.2,,88.4,,72,,31,,80,
Feb-02,2002,2,-2.3,,-9.8,,-6,,9.3,,-20.5,,34.4,,92.8,,112,,43,,26,I,93,I
Mar-02,2002,3,0,,-7.5,,-3.8,,8.4,,-13,S,50.4,,32.6,,79.6,,5,,24,I,96,I
Apr-02,2002,4,4.4,,-1.6,,1.4,,9.5,,-5.7,S,76.2,,18.4,,93.6,,0,T,10,,65,
May-02,2002,5,9.7,,2.3,,6,,18.2,,-2.7,S,92.4,,5.4,,98.2,,0,,31,,70,
Jun-02,2002,6,14.7,,6.6,,10.7,,25.4,,2.3,,67.4,,0,,67.4,,0,,26,,52,
Jul-02,2002,7,20.4,,11.6,,16.1,,27.1,,7,,148.8,,0,,148.8,,0,,24,,44,
Aug-02,2002,8,20.9,,13.2,,17.1,,27.4,,4,,124,,0,,124,,0,,23,,56,
Sep-02,2002,9,16.2,,8.3,,12.3,,23.8,,3.9,,193.4,,0,,193.4,,0,,7,,80,
Oct-02,2002,10,8.6,,2.2,,5.5,,15.4,,-4.1,,137,,10.8,,147.8,,0,,33,,89,
Nov-02,2002,11,3.9,,-1.1,,1.4,,12.9,,-10.6,,142.3,,36.6,,175,,11,,7,,83,
Dec-02,2002,12,-0.4,,-5.4,,-2.9,,4.8,,-14.9,,20.8,,79.6,,89.2,,28,,32,,119,
Jan-03,2003,1,-2.9,,-8.8,,-5.9,,7.8,,-14.1,,18.2,,136.8,,129,,51,,23,,100,
Feb-03,2003,2,-4.8,,-12.1,,-8.4,,7.4,,-20,,15.4,,72.2,,74.6,,65,,25,,115,
Mar-03,2003,3,-2.1,,-11.1,,-6.6,,9.1,,-21.6,,106,,46.2,,143.2,,9,,15,,124,
Apr-03,2003,4,3.6,,-3.6,,0,,11.8,,-12.3,,55.2,,28,,79.8,,0,,11,,80,
May-03,2003,5,12,,3.1,,7.6,,20.8,,-2.9,,52.4,,0,,52.4,,0,,8,,111,
Jun-03,2003,6,17.2,,7.2,,12.2,,29.9,,1.3,,76,,0,,76,,0,,8,,89,
Jul-03,2003,7,20.2,,13.4,,16.8,,26.1,,7.1,,135.4,,0,,135.4,,0,,28,,65,
Aug-03,2003,8,20.9,,12.8,,16.9,,25.9,,8,,92,,0,,92,,0,,25,,61,
Sep-03,2003,9,19.4,,10.5,,15,,24.2,,4.2,,60.2,,0,,60.2,,0,,13,,72,
Oct-03,2003,10,14.6,,6.5,,10.6,,20.5,S,1.1,,126.8,,0,,126.8,,0,,20,,83,
Nov-03,2003,11,6.5,,0.9,,3.7,,15.8,,-4.5,,67.7,,11.9,,79.4,,0,,11,,106,
Dec-03,2003,12,2.8,,-3,,-0.1,,10.9,,-9.8,,21.6,,70.2,,82.6,,0,T,9,,85,
Jan-04,2004,1,-3.7,,-9.6,,-6.7,,2.6,,-15.3,,0.4,,165,,143.4,,93,,24,,106,
Feb-04,2004,2,-1.7,,-7.5,,-4.6,,5.3,,-16.8,,1.4,,103,,93,,89,,7,,98,
Mar-04,2004,3,0.7,,-8.1,,-3.7,,6.2,,-15.9,,4.6,,42,,41.2,,33,,8,,82,
Apr-04,2004,4,6.9,,-0.7,,3.1,,16.5,,-5.9,,166.2,,9.6,,175.8,,0,T,28,,100,
May-04,2004,5,11,,2.6,,6.8,,19.1,,-1,,90.2,,0,T,90.2,,0,,27,,78,
Jun-04,2004,6,13.7,,5.8,,9.8,,19.8,,1.9,S,102.6,,0,,102.6,,0,,10,,87,
Jul-04,2004,7,21.5,,13.1,,17.3,,25.9,,8.3,,103,,0,,103,,0,,26,,50,
Aug-04,2004,8,21.7,,14.5,,18.2,,25.9,,9.3,S,79.6,,0,,79.6,,0,,24,,54,
Sep-04,2004,9,15.1,,7.8,,11.5,,20.9,,1.5,,179.2,,0,,179.2,,0,,1,,95,
Oct-04,2004,10,12.9,,5,,9,,19.3,,-1.2,,55.4,,0,T,55.4,,0,,9,,76,
Nov-04,2004,11,5.6,,-0.5,,2.6,,14.3,,-5.1,,49.6,,5.6,,54.6,,0,,25,,93,
Dec-04,2004,12,1,,-5,,-2,,10.6,,-11.6,,67,,101,,162.6,,44,,8,,100,
Jan-05,2005,1,-3.6,,-11.5,,-7.6,,10.5,,-20.8,,7,,138.6,,122.8,,102,,9,S,89,S
Feb-05,2005,2,-0.5,,-8.9,,-4.7,,7.3,,-21,,10.6,,64.2,,64.2,,74,,,,,
Mar-05,2005,3,1.4,,-6.8,,-2.7,,7.2,,-14.8,,43.6,,60.4,,98.4,,18,,7,,106,
Apr-05,2005,4,6.5,,-0.9,,2.8,,14.5,,-10.1,,27.6,,15,,43.6,,0,,8,,100,
May-05,2005,5,15,,4.8,,9.9,,21.5,,-1.5,,18.8,,4.8,,23.6,,0,,8,,70,
Jun-05,2005,6,16.8,,7.4,,12.1,,21.4,,2,,55,,0,,55,,0,,25,,61,
Jul-05,2005,7,20.2,,12.4,,16.3,,25,,7.2,,106,,0,,106,,0,,25,S,43,S
Aug-05,2005,8,20.5,,13.1,,16.8,,24.5,,8.8,,87,,0,,87,,0,,18,,48,
Sep-05,2005,9,17,,9.2,,13.1,,26.6,,3.8,,279.6,,0,,279.6,,0,,17,,65,
Oct-05,2005,10,11.2,,5.2,,8.2,,17,,-0.4,,108.8,,0,,108.8,,0,,9,,96,
Nov-05,2005,11,7.5,,0.4,,4,,16.5,,-4,,68.4,,4.2,,72,,0,,15,E,102,E
Dec-05,2005,12,2.2,,-3.1,,-0.5,,11.3,,-14,,15.4,,79.8,,92.8,,9,,8,E,124,E
Jan-06,2006,1,1,,-6.3,,-2.6,,14.6,,-17.2,,46,,75.8,,111,,43,,32,E,106,E
Feb-06,2006,2,-1.6,,-8.9,,-5.2,,7.2,,-18.5,,9.8,,81.2,,75.8,,55,,24,E,104,E
Mar-06,2006,3,2.1,,-4.2,,-1,,7,,-11.4,,5,,58.2,,56.4,,2,,30,E,74,E
Apr-06,2006,4,8.3,,0.4,,4.4,,17.4,,-3.9,,35.8,,1.4,,37.2,,0,,8,E,80,E
May-06,2006,5,15.2,,4.7,,10,,23.3,,-0.5,,75.4,,0,,75.4,,0,,9,B,59,B
Jun-06,2006,6,19.9,,11.9,,15.9,,24.5,,6.9,,136.6,,0,,136.6,,0,,7,E,54,E
Jul-06,2006,7,21.2,,14.4,,17.8,,28.1,,10.4,,159.6,,0,,159.6,,0,,22,E,63,E
Aug-06,2006,8,20,,12.2,,16.1,,23.6,,2.7,,159.8,,0,,159.8,,0,,25,E,56,E
Sep-06,2006,9,17,,9.2,,13.1,,22.5,,5.1,,53.4,,0,,53.4,,0,,15,E,70,E
Oct-06,2006,10,11.7,,5.2,,8.4,,17.2,,-1.3,,208.2,,0.8,,209,,0,,10,E,80,E
Nov-06,2006,11,7.6,,1.6,,4.6,,17.2,,-3.6,S,96.4,,10.8,,107,,1,,12,E,61,E
Dec-06,2006,12,1,,-4.2,,-1.6,,7.7,,-10.4,,62.2,,56,,107,,12,,24,E,83,E
,,,,,,,,,,,,,,,,,,,,,,,,
,,,,,,,,,,,,,,,,,,,,,,,,
,,,,,,,,,,,,,,,,,,,,,,,,
,,,,,,,,,,,,,,,,,,,,,,,,
,,,,,,,,,,,,,,,,,,,,,,,,
,,,,,,,,,,,,,,,,,,,,,,,,
,,,,,,,,,,,,,,,,,,,,,,,,
,,,,,,,,,,,,,,,,,,,,,,,,
,,,,,,,,,,,,,,,,,,,,,,,,
,,,,,,,,,,,,,,,,,,,,,,,,
,,,,,,,,,,,,,,,,,,,,,,,,
,,,,,,,,,,,,,,,,,,,,,,,,
,,,,,,,,,,,,,,,,,,,,,,,,
,,,,,,,,,,,,,,,,,,,,,,,,
,,,,,,,,,,,,,,,,,,,,,,,,
,,,,,,,,,,,,,,,,,,,,,,,,
,,,,,,,,,,,,,,,,,,,,,,,,
,,,,,,,,,,,,,,,,,,,,,,,,
,,,,,,,,,,,,,,,,,,,,,,,,
,,,,,,,,,,,,,,,,,,,,,,,,
,,,,,,,,,,,,,,,,,,,,,,,,
,,,,,,,,,,,,,,,,,,,,,,,,
,,,,,,,,,,,,,,,,,,,,,,,,
,,,,,,,,,,,,,,,,,,,,,,,,
,,,,,,,,,,,,,,,,,,,,,,,,
,,,,,,,,,,,,,,,,,,,,,,,,
,,,,,,,,,,,,,,,,,,,,,,,,
,,,,,,,,,,,,,,,,,,,,,,,,
,,,,,,,,,,,,,,,,,,,,,,,,
,,,,,,,,,,,,,,,,,,,,,,,,
,,,,,,,,,,,,,,,,,,,,,,,,
,,,,,,,,,,,,,,,,,,,,,,,,
,,,,,,,,,,,,,,,,,,,,,,,,
,,,,,,,,,,,,,,,,,,,,,,,,
,,,,,,,,,,,,,,,,,,,,,,,,
,,,,,,,,,,,,,,,,,,,,,,,,
,,,,,,,,,,,,,,,,,,,,,,,,
,,,,,,,,,,,,,,,,,,,,,,,,
,,,,,,,,,,,,,,,,,,,,,,,,
,,,,,,,,,,,,,,,,,,,,,,,,
,,,,,,,,,,,,,,,,,,,,,,,,
,,,,,,,,,,,,,,,,,,,,,,,,
,,,,,,,,,,,,,,,,,,,,,,,,
,,,,,,,,,,,,,,,,,,,,,,,,
,,,,,,,,,,,,,,,,,,,,,,,,
,,,,,,,,,,,,,,,,,,,,,,,,
,,,,,,,,,,,,,,,,,,,,,,,,
,,,,,,,,,,,,,,,,,,,,,,,,
,,,,,,,,,,,,,,,,,,,,,,,,
,,,,,,,,,,,,,,,,,,,,,,,,
,,,,,,,,,,,,,,,,,,,,,,,,
,,,,,,,,,,,,,,,,,,,,,,,,
,,,,,,,,,,,,,,,,,,,,,,,,
,,,,,,,,,,,,,,,,,,,,,,,,
,,,,,,,,,,,,,,,,,,,,,,,,
,,,,,,,,,,,,,,,,,,,,,,,,
,,,,,,,,,,,,,,,,,,,,,,,,
,,,,,,,,,,,,,,,,,,,,,,,,
,,,,,,,,,,,,,,,,,,,,,,,,
,,,,,,,,,,,,,,,,,,,,,,,,
,,,,,,,,,,,,,,,,,,,,,,,,
,,,,,,,,,,,,,,,,,,,,,,,,
,,,,,,,,,,,,,,,,,,,,,,,,
,,,,,,,,,,,,,,,,,,,,,,,,
,,,,,,,,,,,,,,,,,,,,,,,,
,,,,,,,,,,,,,,,,,,,,,,,,
,,,,,,,,,,,,,,,,,,,,,,,,
,,,,,,,,,,,,,,,,,,,,,,,,
,,,,,,,,,,,,,,,,,,,,,,,,
,,,,,,,,,,,,,,,,,,,,,,,,
,,,,,,,,,,,,,,,,,,,,,,,,
,,,,,,,,,,,,,,,,,,,,,,,,
,,,,,,,,,,,,,,,,,,,,,,,,
,,,,,,,,,,,,,,,,,,,,,,,,
,,,,,,,,,,,,,,,,,,,,,,,,
,,,,,,,,,,,,,,,,,,,,,,,,
,,,,,,,,,,,,,,,,,,,,,,,,
,,,,,,,,,,,,,,,,,,,,,,,,
,,,,,,,,,,,,,,,,,,,,,,,,
,,,,,,,,,,,,,,,,,,,,,,,,
,,,,,,,,,,,,,,,,,,,,,,,,
,,,,,,,,,,,,,,,,,,,,,,,,
,,,,,,,,,,,,,,,,,,,,,,,,
,,,,,,,,,,,,,,,,,,,,,,,,
,,,,,,,,,,,,,,,,,,,,,,,,
,,,,,,,,,,,,,,,,,,,,,,,,
,,,,,,,,,,,,,,,,,,,,,,,,
,,,,,,,,,,,,,,,,,,,,,,,,
,,,,,,,,,,,,,,,,,,,,,,,,
,,,,,,,,,,,,,,,,,,,,,,,,
,,,,,,,,,,,,,,,,,,,,,,,,
,,,,,,,,,,,,,,,,,,,,,,,,
,,,,,,,,,,,,,,,,,,,,,,,,
,,,,,,,,,,,,,,,,,,,,,,,,
