Station Name,COLLEGEVILLE,,,,,,,,,,,,,,,,,,,,,,,
Province,NOVA SCOTIA,,,,,,,,,,,,,,,,,,,,,,,
Latitude,45.48,,,,,,,,,,,,,,,,,,,,,,,
Longitude,-62.02,,,,,,,,,,,,,,,,,,,,,,,
Elevation,76.2,,,,,,,,,,,,,,,,,,,,,,,
Climate Identifier,8201000,,,,,,,,,,,,,,,,,,,,,,,
WMO Identifier,,,,,,,,,,,,,,,,,,,,,,,,
TC Identifier,,,,,,,,,,,,,,,,,,,,,,,,
,,,,,,,,,,,,,,,,,,,,,,,,
Legend,,,,,,,,,,,,,,,,,,,,,,,,
B,More than one occurrence and estimated,,,,,,,,,,,,,,,,,,,,,,,
E,Estimated,,,,,,,,,,,,,,,,,,,,,,,
M,Missing,,,,,,,,,,,,,,,,,,,,,,,
S,More than one occurrence,,,,,,,,,,,,,,,,,,,,,,,
T,Trace,,,,,,,,,,,,,,,,,,,,,,,
[empty],No data available,,,,,,,,,,,,,,,,,,,,,,,
^,The value displayed is based on incomplete data,,,,,,,,,,,,,,,,,,,,,,,
,,,,,,,,,,,,,,,,,,,,,,,,
Date/Time,Year,Month,Mean Max Temp (°C),Mean Max Temp Flag,Mean Min Temp (°C),Mean Min Temp Flag,Mean Temp (°C),Mean Temp Flag,Extr Max Temp (°C),Extr Max Temp Flag,Extr Min Temp (°C),Extr Min Temp Flag,Total Rain (mm),Total Rain Flag,Total Snow (cm),Total Snow Flag,Total Precip (mm),Total Precip Flag,Snow Grnd Last Day (cm),Snow Grnd Last Day Flag,Dir of Max Gust (10's deg),Dir of Max Gust Flag,Spd of Max Gust (km/h),Spd of Max Gust Flag
Jan-87,1987,1,-2.8,,-11.3,,-7.1,,5.5,,-25,,47.4,,57,,104.4,,17,,,,,
Feb-87,1987,2,-4.2,,-13.2,,-8.7,,6,,-25.5,,0,T,23.8,,23.8,,25,,,,,
Mar-87,1987,3,0.8,,-7.9,,-3.6,,12,S,-25.5,,25,,54.4,,79.4,,10,,,,,
Apr-87,1987,4,9.3,,-0.2,,4.6,,22,,-8,,63.2,,6.2,,69.4,,0,,,,,
May-87,1987,5,15.2,,2.5,,8.9,,25,,-5,S,66.4,,0,,66.4,,0,,,,,
Jun-87,1987,6,19.5,,7.6,,13.6,,27.5,,0.5,,97.4,,0,,97.4,,0,,,,,
Jul-87,1987,7,24.6,,12.7,,18.7,,30.5,,5.5,,23.4,,0,,23.4,,0,,,,,
Aug-87,1987,8,23.7,,10.6,,17.2,,33.5,,1.5,,59.4,,0,,59.4,,0,,,,,
Sep-87,1987,9,18.5,,9.2,,13.9,,27.5,,0,,204.2,,0,,204.2,,0,,,,,
Oct-87,1987,10,13.8,,3.3,,8.6,,20.5,,-4,S,246.7,,0,,246.7,,0,,,,,
Nov-87,1987,11,5.5,,-1.8,,1.9,,14,S,-8,S,135,,13,,148,,0,,,,,
Dec-87,1987,12,-0.2,,-5.2,,-2.7,,12.5,,-17,,41.4,,78.8,,120.2,,70,,,,,
Jan-88,1988,1,-1.7,,-12.2,,-7,,11.5,,-26.5,,52.8,,36.4,,89.2,,16,,,,,
Feb-88,1988,2,-0.1,,-10.7,,-5.4,,9,S,-27,,93.4,,50.6,,144,,26,,,,,
Mar-88,1988,3,1.6,,-6.1,,-2.3,,14.5,,-20,,57.8,,34.2,,92,,0,,,,,
Apr-88,1988,4,6.6,,-0.7,,3,,14,,-5.5,,157.2,,19,,176.2,,0,,,,,
May-88,1988,5,16.8,,5.7,,11.3,,27.5,,-4,,110.6,,0,T,110.6,,0,,,,,
Jun-88,1988,6,18.8,,7.4,,13.1,,34.5,,-1,S,129.2,,0,,129.2,,0,,,,,
Jul-88,1988,7,24.3,,13.5,,18.9,,33,,7.5,S,191.4,,0,,191.4,,0,,,,,
Aug-88,1988,8,24,,14.1,,19.1,,31,S,2.5,S,85.8,,0,,85.8,,0,,,,,
Sep-88,1988,9,17.3,,6.8,,12.1,,24,,-1,,52.2,,0,,52.2,,0,,,,,
Oct-88,1988,10,12.2,,2.2,,7.2,,23,S,-6.5,,175.2,,0,,175.2,,0,,,,,
Nov-88,1988,11,7.8,,0.2,,4,,18,,-7.5,,191.2,,0,T,191.2,,0,,,,,
Dec-88,1988,12,-0.1,,-9.9,,-5,,8.5,,-22,,23.8,,41.6,,65.4,,0,T,,,,
Jan-89,1989,1,-0.6,,-11.8,,-6.2,,8.5,,-25,,50.2,,71,,121.2,,2,,,,,
Feb-89,1989,2,-2.8,,-13.2,,-8,,11,S,-26.5,S,44.6,,49.4,,94,,22,,,,,
Mar-89,1989,3,1.2,,-11.2,,-5,,16,,-27,,31.8,,38.6,,70.4,,13,,,,,
Apr-89,1989,4,8.7,,-1.6,,3.6,,16.5,,-8,,54.6,,13.4,,68,,0,,,,,
May-89,1989,5,18.7,,6.4,,12.6,,27.5,,-3,,149.8,,0,,149.8,,0,,,,,
Jun-89,1989,6,19.7,,9,,14.4,,27.5,,1,,116.8,,0,,116.8,,0,,,,,
Jul-89,1989,7,23.1,,10.4,,16.8,,31.5,,4,S,80.6,,0,,80.6,,0,,,,,
Aug-89,1989,8,24.2,,12.3,,18.3,,30.5,,0.5,,68.6,,0,,68.6,,0,,,,,
Sep-89,1989,9,20,,7.8,,13.9,,26,,-0.5,,125.6,,0,,125.6,,0,,,,,
Oct-89,1989,10,12.8,,1.5,,7.2,,22,,-8,,147.5,,0,,147.5,,0,,,,,
Nov-89,1989,11,6.4,,-3,,1.7,,19,,-16,,140.1,,52.8,,192.9,,15,,,,,
Dec-89,1989,12,-5.6,,-16.3,,-11,,8.5,,-30.5,,34.8,,44.8,,79.6,,28,,,,,
Jan-90,1990,1,0,,-10,,-5,,13,,-20,,82.6,,40.8,,123.4,,13,,,,,
Feb-90,1990,2,-2.4,,-14.3,,-8.4,,10,S,-30.5,,40.8,,28.8,,69.6,,13,,,,,
Mar-90,1990,3,1.8,,-9.1,,-3.7,,16,,-25,,44.6,,16.6,,61.2,,0,,,,,
Apr-90,1990,4,8.9,,-1.7,,3.6,,22.5,,-8,,200.2,,3,,203.2,,0,,,,,
May-90,1990,5,12.4,,1.6,,7,,25,,-5,,165.8,,0,T,165.8,,0,,,,,
Jun-90,1990,6,22.4,,9.3,,15.9,,30,,-1.5,S,98.6,,0,,98.6,,0,,,,,
Jul-90,1990,7,24.9,,11.6,,18.3,,32.5,,3,S,54,,0,,54,,0,,,,,
Aug-90,1990,8,26.2,,13.8,,20,,30.5,,3.5,,119.4,,0,,119.4,,0,,,,,
Sep-90,1990,9,19.7,,7.7,,13.7,,26,,-1,,112.2,,0,,112.2,,0,,,,,
Oct-90,1990,10,14.7,,7.1,,10.9,,23,S,-0.5,,261.5,,0,,261.5,,0,,,,,
Nov-90,1990,11,7.3,,0.5,,3.9,,15.5,,-5,,135.6,,0,T,135.6,,0,,,,,
Dec-90,1990,12,4,,-5.2,,-0.6,,13.5,,-17.5,,274.6,,27.6,,302.2,,0,,,,,
Jan-91,1991,1,-3,,-15.2,,-9.1,,7.5,S,-26,S,47,,49.8,,96.8,,5,,,,,
Feb-91,1991,2,-0.1,,-10.5,,-5.3,,9,,-21.5,,35.2,,18.6,,53.8,,2,,,,,
Mar-91,1991,3,4.1,,-4.3,,-0.1,,12.5,,-16,,82.8,,36.6,,119.4,,0,,,,,
Apr-91,1991,4,8.2,,-2.8,,2.7,,21,,-12,,43.4,,7.4,,50.8,,0,,,,,
May-91,1991,5,15.8,,2.5,,9.2,,25.5,S,-6.5,,57.6,,0,T,57.6,,0,,,,,
Jun-91,1991,6,21.1,,6.7,,13.9,,30,S,0.5,,59.8,,0,,59.8,,0,,,,,
Jul-91,1991,7,25.7,,11.1,,18.4,,34.5,,1,,80.4,,0,,80.4,,0,,,,,
Aug-91,1991,8,23.7,,13.3,,18.5,,31,,3,,128.2,,0,,128.2,,0,,,,,
Sep-91,1991,9,18.2,,8.2,,13.2,,25.5,,0,,220.6,,0,,220.6,,0,,,,,
Oct-91,1991,10,13.9,,5.1,,9.5,,21,,-3,,148,,0,,148,,0,,,,,
Nov-91,1991,11,8.8,,1.7,,5.3,,17.5,,-6.5,,171.4,,0,T,171.4,,0,,,,,
Dec-91,1991,12,0.8,,-8.2,,-3.7,,12,,-20,,36.4,,63.4,,99.8,,29,,,,,
Jan-92,1992,1,-2.7,,-12.7,,-7.7,,10,,-24.5,,108.2,,32.6,,140.8,,1,,,,,
Feb-92,1992,2,-1.8,,-12.8,,-7.4,,6.5,,-27,,46.8,,59.2,,106,,44,,,,,
Mar-92,1992,3,0,,-10.5,,-5.3,,10.5,,-21,,134.6,,14,,148.6,,0,T,,,,
Apr-92,1992,4,6.4,,-3.5,,1.4,,20,,-11,,39.4,,18,,57.4,,0,,,,,
May-92,1992,5,16.2,,2.1,,9.2,,33.5,,-7.5,,54.8,,7,,61.8,,0,,,,,
Jun-92,1992,6,21,,8,,14.6,,28.5,,-3.5,,88,,0,,88,,0,,,,,
Jul-92,1992,7,21.6,,9.9,,15.8,,29,,2.5,,92.2,,0,,92.2,,0,,,,,
Aug-92,1992,8,23.9,,12.3,,18.1,,30,,3,,63.8,,0,,63.8,,0,,,,,
Sep-92,1992,9,20.7,,8.3,,14.5,,26,S,-1,,96.4,,0,,96.4,,0,,,,,
Oct-92,1992,10,12.2,,2.7,,7.5,,20.5,,-4.5,S,154.4,,0,,154.4,,0,,,,,
Nov-92,1992,11,5.3,,-2.1,,1.6,,15.5,,-8.5,S,74.2,,11.8,,86,,0,,,,,
Dec-92,1992,12,0.9,,-7.5,,-3.3,,11,,-23.5,,45,,53.8,,98.8,,12,,,,,
Jan-93,1993,1,-3,,-12.9,,-8,,11,,-33,,27.2,,20.4,,47.6,,14,,,,,
Feb-93,1993,2,-4.7,,-17.6,,-11.2,,10.5,,-30.5,,69,,52.6,,121.6,,28,,,,,
Mar-93,1993,3,2.9,,-9.5,,-3.3,,17,S,-24,,43,,54.8,,97.8,,0,T,,,,
Apr-93,1993,4,8.6,,-0.6,,4,,18.5,,-10,,84,,15.2,,99.2,,0,,,,,
May-93,1993,5,14.7,,3.3,,9,,23.5,,-8,,79.6,,0,T,79.6,,0,,,,,
Jun-93,1993,6,20.1,,7.2,,13.7,,30.5,,-2,,97,,0,,97,,0,,,,,
Jul-93,1993,7,20.7,,11,,15.9,,28.5,,6,S,135,,0,,135,,0,,,,,
Aug-93,1993,8,22.4,,11.3,,16.9,,27.5,,2,,68,,0,,68,,0,,,,,
Sep-93,1993,9,19.8,,8.9,,14.3,,28.5,,0,,85.6,,0,,85.6,,0,,,,,
Oct-93,1993,10,12.1,,1.4,,6.8,,20.5,,-6.5,S,209.6,,0,,209.6,,0,,,,,
Nov-93,1993,11,7.5,,-1.9,,2.8,,16,,-8.5,S,114.4,,6.4,,120.8,,0,,,,,
Dec-93,1993,12,2.2,,-5.7,,-1.7,,14,,-27,,162.6,,55,,217.6,,55,,,,,
Jan-94,1994,1,-4.1,,-16.4,,-10.3,,9.5,,-28,,87.2,,56.6,,143.8,,10,,,,,
Feb-94,1994,2,-3.5,,-14.9,,-9.2,,15.5,,-27,,1,,56.2,,57.2,,8,,,,,
Mar-94,1994,3,2.5,,-6,,-1.8,,12,,-24.5,,149.6,,34.6,,184.2,,0,,,,,
Apr-94,1994,4,11,,-0.4,,5.3,,20.5,,-11,,90.2,,7,,97.2,,0,,,,,
May-94,1994,5,13.7,,2.3,,8,,25.5,,-3.5,,158.2,,0,T,158.2,,0,,,,,
Jun-94,1994,6,21.9,,9,,15.5,,31,,-1,,79.8,,0,,79.8,,0,,,,,
Jul-94,1994,7,25.9,,14.3,,20.2,,33.5,,4.5,,33,,0,,33,,0,,,,,
Aug-94,1994,8,23.5,,12.9,,18.2,,31,,3,,132.5,,0,,132.5,,0,,,,,
Sep-94,1994,9,18.2,,7.1,,12.6,,22.5,S,-0.5,,134.2,,0,,134.2,,0,,,,,
Oct-94,1994,10,13,,4,,8.5,,22.5,,-3,,91.2,,0,,91.2,,0,,,,,
Nov-94,1994,11,8.8,,-0.2,,4.3,,18.5,,-11.5,,158,,14.4,,172.4,,0,,,,,
Dec-94,1994,12,1.5,,-6,,-2.3,,10.5,S,-17,,107,,38.6,,145.6,,5,,,,,
Jan-95,1995,1,-0.2,,-7,,-3.6,,17,,-22,,89.5,,28.9,,118.4,,7,,,,,
Feb-95,1995,2,-1.6,,-12.7,,-7.2,,9.5,,-22,,57,,41.2,,98.2,,8,,,,,
Mar-95,1995,3,1.4,,-6.4,,-2.5,,12,,-23.5,,28.2,,32.2,,60.4,,3,,,,,
Apr-95,1995,4,7.3,,-2.9,,2.2,,16.5,,-13.5,,28,,10.8,,38.8,,0,,,,,
May-95,1995,5,13.6,,1.9,,7.8,,22,,-6,,107.2,,0,T,107.2,,0,,,,,
Jun-95,1995,6,21.8,,8,,14.9,,32,,-1,,165.2,,0,,165.2,,0,,,,,
Jul-95,1995,7,25.1,,13.5,,19.3,,29.5,,6,,99.2,,0,,99.2,,0,,,,,
Aug-95,1995,8,22.5,,10.5,,16.5,,33.5,,1.5,,89,,0,,89,,0,,,,,
Sep-95,1995,9,17.7,,6.6,,12.2,,25.5,,-3.5,,67.6,,0,,67.6,,0,,,,,
Oct-95,1995,10,14.9,,6,,10.4,,22,,-3,S,123.4,,0,T,123.4,,0,,,,,
Nov-95,1995,11,7.5,,-1.6,,3,,16,,-7,,163.2,,2,,165.2,,0,T,,,,
Dec-95,1995,12,-0.5,,-7.5,,-4,,9,S,-16.5,,62,,46,,108,,12,,,,,
Jan-96,1996,1,-1.1,,-12.1,,-6.6,,12.5,,-24.5,,84.6,,27.8,,112.4,,4,,,,,
Feb-96,1996,2,0.4,,-8.9,,-4.3,,12,,-26.5,,120,,42.2,,162.2,,0,,,,,
Mar-96,1996,3,2.9,,-7,,-2.1,,9,S,-19,,59.4,,46.1,,105.5,,1,,,,,
Apr-96,1996,4,8,,-1.1,,3.5,,19,,-9.5,,81.4,,25.6,,107,,0,,,,,
May-96,1996,5,12.7,,2.5,,7.6,,19,,-6.5,S,157.2,,0,T,157.2,,0,,,,,
Jun-96,1996,6,21.4,,7.6,,14.5,,29.5,,-3,,53.5,,0,,53.5,,0,,,,,
Jul-96,1996,7,22.8,,12.2,,17.5,,28.5,,5.5,,196.4,,0,,196.4,,0,,,,,
Aug-96,1996,8,23.8,,12.7,,18.3,,31,,5,S,45,,0,,45,,0,,,,,
Sep-96,1996,9,17.8,,9.6,,13.7,,28.5,,-0.5,,294.8,,0,,294.8,,0,,,,,
Oct-96,1996,10,11.6,,2.2,,6.9,,19,S,-5,,132.2,,0,T,132.2,,0,,,,,
Nov-96,1996,11,5.9,,-1.2,,2.3,,18.5,,-11.5,,106.4,,11,,117.4,,2,,,,,
Dec-96,1996,12,4.6,,-3.8,,0.4,,14,,-18,,174.1,,22.8,,196.9,,2,,,,,
Jan-97,1997,1,-0.9,,-11.9,,-6.4,,10,,-20,S,92.8,,52.5,,145.3,,0,T,,,,
Feb-97,1997,2,-1.1,,-11.1,,-6.1,,9,,-23,,42.8,,29.4,,72.2,,10,,,,,
Mar-97,1997,3,0.2,,-10.3,,-5.1,,11,,-24.5,,51.8,,42.6,,94.4,,0,,,,,
Apr-97,1997,4,5.6,,-2.8,,1.4,,12.5,,-9.5,,36.5,,10,,46.5,,,M,,,,
May-97,1997,5,14.2,,2.2,,8.2,,22,,-4,,120,,0,,120,,0,,,,,
Jun-97,1997,6,19.8,,6.8,,13.3,,30,,-2,S,72,,0,,72,,0,,,,,
Jul-97,1997,7,26.3,,10.8,,18.5,,31,S,1,,52,,0,,52,,0,,,,,
Aug-97,1997,8,22.6,,11.5,,17.1,,31.5,,4,,152.5,,0,,152.5,,0,,,,,
Sep-97,1997,9,19.1,,9.1,,14.1,,25,S,-1,,103.5,,0,,103.5,,0,,,,,
Oct-97,1997,10,11.3,,1.5,,6.4,,20,,-7,,50,,0,,50,,0,,,,,
Nov-97,1997,11,5.9,,-1.1,,2.4,,18,,-12,,197.5,E,28,E,225.5,E,,M,,,,
Dec-97,1997,12,1.2,,-6.6,,-2.7,,10.5,,-21.5,,19,E,67,,86,E,,,,,,
Jan-98,1998,1,0,,-9.4,,-4.7,,11,,-21,,84,,52,,136,,,M,,,,
Feb-98,1998,2,0.6,,-7,,-3.2,,8,,-18,,106.5,,0,T,106.5,,,,,,,
Mar-98,1998,3,5.6,E,-3.8,,0.9,E,23,,-16,,93,,29,,122,,0,,,,,
Apr-98,1998,4,9,,-0.5,,4.2,,18.5,,-10,,82.2,,10,,92.2,,0,,,,,
May-98,1998,5,18.4,,5.1,,11.8,,26,,-2.5,S,134.6,,0,,134.6,,0,,,,,
Jun-98,1998,6,18.8,,8.9,,13.9,,27,,-1,,171.2,,0,,171.2,,0,,,,,
Jul-98,1998,7,25,,12.9,,18.9,,34,,7,S,79.6,,0,,79.6,,0,,,,,
Aug-98,1998,8,24.9,,11.5,,18.2,,32,S,5,S,69.2,,0,,69.2,,0,,,,,
Sep-98,1998,9,19.5,,8.6,,14,,24.5,,1,S,171.8,,0,,171.8,,0,,,,,
Oct-98,1998,10,12.4,,3.9,,8.2,,20.5,,-8,,198.7,,0,T,198.7,,0,,,,,
Nov-98,1998,11,6.1,,-1.1,,2.5,,14,,-8.5,,78.2,,7,,85.2,,0,,,,,
Dec-98,1998,12,2.5,,-6.7,,-2.1,,12.5,,-17,S,26.2,,25,,51.2,,,M,,,,
Jan-99,1999,1,1.4,,-10.3,,-4.5,,15,,-25,,79,,30,,109,,,,,,,
Feb-99,1999,2,0.2,,-7.9,,-3.9,,12.5,,-21,,12,,36,,48,,,,,,,
Mar-99,1999,3,7.1,,-2.3,,2.4,,19,,-10,,173.6,,13,,186.6,,,,,,,
Apr-99,1999,4,7.4,,-1.9,,2.8,,15,S,-11.5,,40.7,,51,,91.7,,,,,,,
May-99,1999,5,20.7,,4.5,,12.6,,27.5,,-4.5,,42.6,,0,,42.6,,0,,,,,
Jun-99,1999,6,24,,9.5,,16.8,,31.5,,-1,,80,,0,,80,,0,,,,,
Jul-99,1999,7,26.2,,13.8,,20,,34,,4.5,,36,,0,,36,,0,,,,,
Aug-99,1999,8,24.6,,12.7,,18.7,,29.5,,5.5,,85.6,,0,,85.6,,0,,,,,
Sep-99,1999,9,23.7,,11.5,,17.6,,32,,0,,80.8,,0,,80.8,,0,,,,,
Oct-99,1999,10,12.9,,2.8,,7.9,,21,,-3,S,162,,0,,162,,0,,,,,
Nov-99,1999,11,8.8,,-0.7,,4,,17.5,,-11,,95.8,,7.5,,103.3,,,M,,,,
Dec-99,1999,12,4,E,-5.2,E,-0.6,E,14,S,-18.5,,119.1,,13,,132.1,,,M,,,,
Jan-00,2000,1,1.4,,-11.2,,-4.9,,14.5,S,-23,,74.6,E,27,E,101.6,E,,,,,,
Feb-00,2000,2,1.2,,-11.5,,-5.2,,15,,-21,,23.4,,24,,47.4,,,,,,,
Mar-00,2000,3,5.2,,-3.5,,0.8,,16.5,,-9.5,,66.8,,27,,93.8,,,,,,,
Apr-00,2000,4,9.3,,-0.1,,4.6,,15.5,,-10,,106.4,,4,,110.4,,0,,,,,
May-00,2000,5,13.3,,2.4,,7.9,,20,,-5,,99.4,,0,T,99.4,,0,,,,,
Jun-00,2000,6,22,,7.8,,14.9,,34,,-3.5,,70,,0,,70,,0,,,,,
Jul-00,2000,7,22.9,E,11.1,,17,E,28,,6,,113.6,,0,,113.6,,0,,,,,
Aug-00,2000,8,23.5,,12.3,,17.9,,29,,5,,73,,0,,73,,0,,,,,
Sep-00,2000,9,18.9,,7.2,,13.1,,29,,-2,,101.4,,0,,101.4,,0,,,,,
Oct-00,2000,10,14.1,,4,,9.1,,20,S,-7,,206,,0,,206,,0,,,,,
Nov-00,2000,11,7.3,,1.8,,4.5,,11.5,S,-12,S,180.3,,9,,189.3,,0,,,,,
Dec-00,2000,12,0.5,E,-8.5,E,-4,E,14,,-19,,61,E,43,,104,E,,M,,,,
Jan-01,2001,1,-2.2,E,-12,,-7.1,E,1,S,-22,,0,T,64.5,,64.5,,,,,,,
Feb-01,2001,2,-2.3,E,-11.8,E,-7.1,E,7.5,,-24,,12,E,55,,67,E,,,,,,
Mar-01,2001,3,2,,-7.1,,-2.6,,7,S,-25.5,,5,E,27,,32,E,,,,,,
Apr-01,2001,4,5.3,E,-3.7,E,0.8,E,16,,-15,,45,,16,,61,,,,,,,
May-01,2001,5,15.8,,3.8,,9.8,,27.5,,-5.5,,30,E,0,,30,E,0,,,,,
Jun-01,2001,6,21.3,,8.8,E,15.1,E,31,,1,,85.2,,0,,85.2,,0,,,,,
Jul-01,2001,7,24,,11.1,,17.6,,31,S,3,,55.2,,0,,55.2,,0,,,,,
Aug-01,2001,8,26.3,,13.8,,20.1,,35,,5,,22.8,,0,,22.8,,0,,,,,
Sep-01,2001,9,22.4,,8.8,,15.6,,33.5,,-2,,72,,0,,72,,0,,,,,
Oct-01,2001,10,16.3,,3.9,,10.1,,26,,-4,S,69,,0,T,69,,0,,,,,
Nov-01,2001,11,8.6,E,0,E,4.3,E,17,S,-9,,70.8,,9,,79.8,,,M,,,,
Dec-01,2001,12,2.3,,-3.4,,-0.5,,15.5,,-10,S,20,E,44,E,64,E,,M,,,,
Jan-02,2002,1,-1.3,,-9.7,,-5.5,,5,,-20,,15,,91,,106,,,,,,,
Feb-02,2002,2,0.1,,-9.4,,-4.6,,9,S,-18.5,,39,I,36,I,75,I,,M,,,,
Mar-02,2002,3,3.5,,-6,,-1.3,,11,,-14.5,,60,I,18,,78,I,,,,,,
Apr-02,2002,4,7.5,,-1.4,,3,,13.5,,-10,,50,,2,,52,,,,,,,
May-02,2002,5,16.1,,2.8,,9.5,,26,,-5,,54.6,,0,,54.6,,0,,,,,
Jun-02,2002,6,18.8,,6.5,,12.7,,29,,-2,,92.2,,0,,92.2,,0,,,,,
Jul-02,2002,7,23.5,,12,,17.8,,31.5,,2.5,,80.6,,0,,80.6,,0,,,,,
Aug-02,2002,8,25.6,,12.9,,19.3,,34,,3.5,,43.5,,0,,43.5,,,,,,,
Sep-02,2002,9,20.3,,8.3,,14.3,,30,,0,,106.8,,0,,106.8,,0,,,,,
Oct-02,2002,10,11.8,,2.5,,7.2,,23.5,,-3.5,,114.5,,12,,126.5,,0,,,,,
Nov-02,2002,11,6.2,,-1.8,,2.2,,17,S,-14,,138.3,,11.6,,149.9,,,,,,,
Dec-02,2002,12,,,,,,,,,,,,,,,,,,,,,,
Jan-03,2003,1,-4.6,,-13.9,,-9.3,,5,S,-29.5,,7,,33,,40,,,,,,,
Feb-03,2003,2,,,,,,,,,,,,,,,,,,,,,,
Mar-03,2003,3,,,,,,,,,,,,,,,,,,,,,,
Apr-03,2003,4,,,,,,,,,,,,,,,,,,,,,,
May-03,2003,5,15.2,,2.7,,9,,25.5,,-6.5,,78.9,,0,,78.9,,0,,,,,
Jun-03,2003,6,,,,,,,,,,,,,,,,,,,,,,
Jul-03,2003,7,25.6,,14.8,,20.2,,30,S,7,S,42.4,,0,,42.4,,0,,,,,
Aug-03,2003,8,23.1,,13.2,,18.2,,28,S,4,,124.2,,0,,124.2,,0,,,,,
Sep-03,2003,9,22.2,,9.4,,15.8,,27,S,0,,99,,0,,99,,0,,,,,
Oct-03,2003,10,,,,,,,,,,,,,,,,,,,,,,
Nov-03,2003,11,,,,,,,,,,,,,,,,,,,,,,
Dec-03,2003,12,3.1,,-3.5,,-0.2,,15,S,-12,S,77.5,I,30.8,,108.3,I,,,,,,
Jan-04,2004,1,,,,,,,,,,,,,,,,,,,,,,
Feb-04,2004,2,-2.5,,-11,,-6.7,,12.5,,-28,,9.3,,88,,97.3,,,,,,,
Mar-04,2004,3,,,,,,,,,,,,,,,,,,,,,,
Apr-04,2004,4,8.1,,0.8,,4.5,,27,,-5,S,45.2,,3,,48.2,,0,,,,,
May-04,2004,5,14,,3.3,,8.7,,27.5,,-4,,42.4,,0,,42.4,,0,,,,,
Jun-04,2004,6,18.8,,6.2,,12.5,,31,,-3,,63.4,,0,,63.4,,0,,,,,
Jul-04,2004,7,23.1,,13.2,,18.2,,30,S,5,,77.8,,0,,77.8,,0,,,,,
Aug-04,2004,8,24.6,,13.5,,19.1,,30,,4.5,,124.1,,0,,124.1,,0,,,,,
Sep-04,2004,9,18.5,,7.9,,13.2,,25,S,0,,74,,0,,74,,0,,,,,
Oct-04,2004,10,13.6,,4.6,,9.1,,20.5,,-4,,102.4,,0,,102.4,,0,,,,,
Nov-04,2004,11,6,,-1,,2.5,,16,,-10,,121.9,,1,,122.9,,0,,,,,
Dec-04,2004,12,2.8,E,-6.2,E,-1.7,E,13,S,-21,,102.8,,40.2,,143,,,,,,,
Jan-05,2005,1,-3.2,I,-12.9,I,-8.1,I,15,I,-23,I,0,,79.6,,79.6,,,,,,,
Feb-05,2005,2,-0.7,,-11.9,,-6.3,,12,,-22,S,20.2,,8,I,28.2,I,,,,,,
Mar-05,2005,3,1.6,,-7,,-2.7,,9,,-19,,94,,33.9,,127.9,,,,,,,
Apr-05,2005,4,10.2,,-1.4,E,4.4,E,18,,-8,,85.6,,8.2,,93.8,,0,,,,,
May-05,2005,5,12.7,,3.5,,8.2,,19,S,-3,,99,,1.4,,100.4,,0,,,,,
Jun-05,2005,6,21.6,,8.8,,15.3,,32,,-2,,96.8,,0,,96.8,,0,,,,,
Jul-05,2005,7,23.8,,12.9,,18.4,,32,,4,,57,I,0,,57,I,0,,,,,
Aug-05,2005,8,24.6,,13.3,,18.9,,31,,5,,67.8,I,0,,67.8,I,0,,,,,
Sep-05,2005,9,21,,10.6,,15.8,,28.5,S,2,S,120.4,,0,,120.4,,0,,,,,
Oct-05,2005,10,14.5,E,5.2,E,9.9,E,25,,-3,,185,,0,,185,,0,,,,,
Nov-05,2005,11,10,,0.7,,5.4,,18,,-7,,160,,0,,160,,0,,,,,
Dec-05,2005,12,2.2,E,-4.7,E,-1.2,E,14,E,-17.5,E,41.1,I,30.8,I,71.9,I,,M,,,,
Jan-06,2006,1,2.4,E,-3.8,E,-0.7,E,15,S,-10,,32.9,,27,,59.9,,,,,,,
Feb-06,2006,2,-0.6,E,-9.7,E,-5.1,E,10.5,E,-20,B,6.2,I,20.2,I,26.4,I,,,,,,
