Station Name,CAPE PARRY A,,,,,,,,,,,,,,,,,,,,,,,
Province,NORTHWEST TERRITORIES,,,,,,,,,,,,,,,,,,,,,,,
Latitude,70.17,,,,,,,,,,,,,,,,,,,,,,,
Longitude,-124.72,,,,,,,,,,,,,,,,,,,,,,,
Elevation,86.6,,,,,,,,,,,,,,,,,,,,,,,
Climate Identifier,2200675,,,,,,,,,,,,,,,,,,,,,,,
WMO Identifier,71948,,,,,,,,,,,,,,,,,,,,,,,
TC Identifier,ZCP,,,,,,,,,,,,,,,,,,,,,,,
,,,,,,,,,,,,,,,,,,,,,,,,
Legend,,,,,,,,,,,,,,,,,,,,,,,,
B,More than one occurrence and estimated,,,,,,,,,,,,,,,,,,,,,,,
E,Estimated,,,,,,,,,,,,,,,,,,,,,,,
M,Missing,,,,,,,,,,,,,,,,,,,,,,,
S,More than one occurrence,,,,,,,,,,,,,,,,,,,,,,,
T,Trace,,,,,,,,,,,,,,,,,,,,,,,
[empty],No data available,,,,,,,,,,,,,,,,,,,,,,,
^,The value displayed is based on incomplete data,,,,,,,,,,,,,,,,,,,,,,,
,,,,,,,,,,,,,,,,,,,,,,,,
Date/Time,Year,Month,Mean Max Temp (°C),Mean Max Temp Flag,Mean Min Temp (°C),Mean Min Temp Flag,Mean Temp (°C),Mean Temp Flag,Extr Max Temp (°C),Extr Max Temp Flag,Extr Min Temp (°C),Extr Min Temp Flag,Total Rain (mm),Total Rain Flag,Total Snow (cm),Total Snow Flag,Total Precip (mm),Total Precip Flag,Snow Grnd Last Day (cm),Snow Grnd Last Day Flag,Dir of Max Gust (10's deg),Dir of Max Gust Flag,Spd of Max Gust (km/h),Spd of Max Gust Flag
Jan-87,1987,1,-20.4,,-28.4,,-24.4,,-7.3,S,-40.7,,0,T,16.6,,13.6,,20,,27,,65,E
Feb-87,1987,2,-23,,-30.3,,-26.7,,-7,,-42.5,,0,,8.2,,4.8,,21,,9,,69,
Mar-87,1987,3,-23.1,,-30.1,,-26.6,,-11.9,,-41,,0,,1.4,,1,,17,,7,,61,E
Apr-87,1987,4,-16.9,,-24.7,,-20.8,,-7,,-33,S,0,,7.2,,5.6,,16,,6,,59,E
May-87,1987,5,-7.3,,-12.3,,-9.8,,-0.6,S,-21,,0,T,13.2,,6,,13,,7,,93,E
Jun-87,1987,6,2.7,,-1.6,,0.6,,9,,-5.9,,8.4,,1,,9,,0,,9,,81,E
Jul-87,1987,7,9.1,,4,,6.6,,16.6,,0.4,S,43.2,,0.2,,43.4,,0,,5,,48,E
Aug-87,1987,8,7.6,,3.7,,5.7,,10.3,,-1.8,,20.7,,7.4,,29.9,,0,T,26,,83,E
Sep-87,1987,9,4.8,,1.1,,3,,13.2,,-4,,19.7,,3.6,,23.5,,0,,31,,59,E
Oct-87,1987,10,-1.1,,-3.8,,-2.5,,3.8,,-8.2,,0,T,12.4,,8.1,,8,,11,,67,E
Nov-87,1987,11,-14.7,,-19.6,,-17.2,,-3.4,,-30,,0,,25.8,,15.9,,9,,10,,69,E
Dec-87,1987,12,-11.8,,-17.9,,-14.9,,-3.8,,-31.3,,0.4,,18.2,,8.5,,15,,9,,69,E
Jan-88,1988,1,-20.7,,-28,,-24.4,,-8.9,,-36.3,,0,,9.6,,7.3,,11,,32,,67,E
Feb-88,1988,2,-22.9,,-28.9,,-25.9,,-9.6,,-37.6,,0,T,5.6,,4.1,,10,,9,,69,E
Mar-88,1988,3,-16.5,,-23.4,,-20,,-0.6,,-33,,0.2,,8.8,,5,,11,,14,,54,E
Apr-88,1988,4,-9.7,,-17,,-13.4,,-0.8,,-33.3,,0,T,6,,3.7,,9,,9,,80,S
May-88,1988,5,-5,,-10.2,,-7.6,,2,,-20.7,,1,,17,,11.7,,10,,9,,81,E
Jun-88,1988,6,6.6,,1.1,,3.9,,16.2,,-2.3,,7.6,,0.4,,7.8,,0,T,8,,61,E
Jul-88,1988,7,12.5,,7.2,,9.9,,20,,3.5,,10.9,,0,,10.9,,0,,9,,63,E
Aug-88,1988,8,9.5,,5.2,,7.4,,20.1,,0.7,,28.3,,0,T,28.3,,0,,28,,78,E
Sep-88,1988,9,4.7,,1.6,,3.2,,8.5,,-1.6,,16.8,,1.6,,18,,0,,3,,67,E
Oct-88,1988,10,-3.7,,-8.2,,-6,,5.3,,-20.3,,0.4,,32.6,,36.6,,8,,28,,65,E
Nov-88,1988,11,-20.1,,-26.3,,-23.2,,-8.7,,-36.1,,0,T,8.2,,5.1,,10,,8,,70,E
Dec-88,1988,12,-18.5,,-24.5,,-21.5,,-7.6,,-34.6,S,0,,5.8,,3,,12,,27,,63,E
Jan-89,1989,1,-26.3,,-32,,-29.2,,-14.2,,-39.8,,0,,6.4,,5.4,,13,,18,S,70,B
Feb-89,1989,2,-13.2,,-23.5,,-18.4,,-3.7,,-33.1,,0,T,20.6,,18,,17,,27,,98,E
Mar-89,1989,3,-24.5,,-31.2,,-27.9,,-4.9,,-38.2,,0,,7.4,,5.6,,20,,21,,78,E
Apr-89,1989,4,-10.9,,-19.6,,-15.3,,4,,-31.8,,0.2,,6.8,,6.2,,20,,28,,57,E
May-89,1989,5,-6.4,,-12.5,,-9.5,,3.3,,-20.6,,0,T,17.6,,11,,11,,9,,76,E
Jun-89,1989,6,7.7,,0.5,,4.1,,19.6,,-2.7,,11.1,,0.4,,7.9,,0,,29,S,48,B
Jul-89,1989,7,12,,3.1,,7.6,,21.9,,-1.7,,8.4,,3.2,,11.6,,0,,18,,61,E
Aug-89,1989,8,12.1,,5.7,,8.9,,20.9,,1,,2,,0,,2,,0,,8,,57,E
Sep-89,1989,9,3.5,,-0.5,,1.5,,14.5,,-5.1,S,23.6,,20,,44.6,,0,T,3,,76,E
Oct-89,1989,10,-4.4,,-7.9,,-6.2,,4,,-20,,3.4,,15.5,,18.3,,9,,9,,80,E
Nov-89,1989,11,-22.6,,-26.8,,-24.7,,-13.6,,-32.6,,0,,5.8,,3,,4,,6,,43,E
Dec-89,1989,12,-24.2,,-29.3,,-26.8,,-18.4,,-33.3,,0,,1.2,,0.6,,3,,7,,70,E
Jan-90,1990,1,-27.9,,-33,,-30.5,,-20.3,,-41.3,,0,,10.4,,9.6,,6,,8,S,52,B
Feb-90,1990,2,-31.5,,-36.8,,-34.2,,-15.5,,-41.3,,0,,3.6,,3.4,,8,,27,,63,E
Mar-90,1990,3,-17.9,,-25.9,,-21.9,,-5.9,,-34,,0,,22.2,,19.1,,10,,30,,81,E
Apr-90,1990,4,-10.2,,-18,,-14.1,,-1.3,,-26,,0,T,9.2,,7.4,,5,,26,,78,E
May-90,1990,5,-3.8,,-9.9,,-6.9,,5,,-19.3,,0,T,5.8,,3.8,,2,,9,,65,E
Jun-90,1990,6,4.4,,-0.4,,2,,11.6,,-5.6,,4.8,,8.6,,10.9,,0,T,8,,65,E
Jul-90,1990,7,11.2,,4.6,,7.9,,22.4,,0,,32.4,,0.2,,32.6,,0,,29,,54,E
Aug-90,1990,8,6.2,,2.4,,4.3,,13.4,,-0.6,S,18.2,,2,,20.2,,0,,25,,65,E
Sep-90,1990,9,3.1,,-0.7,,1.2,,11.9,,-5.5,,8.8,,13.4,,20.5,,0,,9,,81,E
Oct-90,1990,10,-4,,-7.9,,-6,,-0.1,,-15.8,,0.2,,17.1,,10.4,,3,,8,,85,E
Nov-90,1990,11,-20.4,,-25.9,,-23.2,,-4.2,S,-34.5,,0,,9.8,,5.1,,7,,30,S,52,B
Dec-90,1990,12,-24.6,,-30.4,,-27.5,,-4.2,,-36,,0,,14.6,,13.4,,16,,30,,109,E
Jan-91,1991,1,-23.4,,-30.8,,-27.1,,-6.3,,-38.7,,0,,11,,7.7,,15,,27,E,89,E
Feb-91,1991,2,-27.8,,-34.2,,-31,,-14.8,,-39,,0,,6,,3.8,,13,,6,E,83,E
Mar-91,1991,3,-24.9,,-31.9,,-28.5,,-17.1,,-42.2,,0,,3,,2.4,,14,,9,E,56,E
Apr-91,1991,4,-13.5,,-21.6,,-17.6,,-4.2,,-33.3,,0,,6,,3.2,,15,,9,E,57,E
May-91,1991,5,-0.9,,-5.7,,-3.3,,10.6,,-14.8,,4.4,,2.6,,6,,3,,8,B,78,B
Jun-91,1991,6,4.6,,-1.4,,1.6,,15.8,,-4.4,,5.8,,4,,8.2,,0,T,7,E,70,E
Jul-91,1991,7,7.4,,2.1,,4.7,,19.8,,-3.4,,27,,0,T,27,,0,,7,E,54,E
Aug-91,1991,8,6.4,,0.8,,3.6,,15.9,,-4.2,,25,,4,,29.4,,0,,30,E,80,E
Sep-91,1991,9,0.7,,-2.1,,-0.7,,6.9,,-8.8,,19.4,,14.2,,35.7,,12,,9,E,82,E
Oct-91,1991,10,-5.1,,-10.4,,-7.8,,1.1,,-22.9,,0,T,13.6,,12.3,,19,,10,E,82,E
Nov-91,1991,11,-18.4,,-25,,-21.7,,-10.4,,-34.5,,0,,1.6,,1.9,,16,,26,E,83,E
Dec-91,1991,12,-24.4,,-30.4,,-27.4,,-11.2,,-38,S,0,,0.8,,0.8,,13,,26,E,59,E
Jan-92,1992,1,-25.6,,-31.6,,-28.7,,-14,S,-37.1,,0,,5.6,,4,,16,,7,E,59,E
Feb-92,1992,2,-26.4,,-32.4,,-29.4,,-13.8,,-38.6,,0,,12.8,,11.4,,18,,8,E,70,E
Mar-92,1992,3,-16.9,,-24.6,,-20.8,,-8.9,,-34.1,,0,,6.2,,3.7,,22,,8,E,70,E
Apr-92,1992,4,-13.6,,-21.1,,-17.4,,-6.4,,-31.4,,0,,12.4,,8.9,,26,,7,E,65,E
May-92,1992,5,-3.4,,-9.3,,-6.4,,3,,-25.7,,0.5,,5.2,,5.6,,12,,9,E,70,E
Jun-92,1992,6,5.9,,0.9,,3.4,,13.9,,-4,,4.8,,1.4,,6,,0,,9,E,59,E
Jul-92,1992,7,11.6,,4.6,,8.1,,22.9,,0.2,,7.8,,0,T,7.8,,0,,7,B,57,B
Aug-92,1992,8,10.5,,4.1,,7.3,,18.3,,-0.8,,16.2,I,6.6,I,22.8,I,0,,27,E,67,E
Sep-92,1992,9,1.4,,-2.1,,-0.4,,10.2,,-8.1,S,12,,25.2,,37.2,,3,,,M,,M
Oct-92,1992,10,-5.5,,-11.3,,-8.5,,-0.6,,-19,,1.2,,33.8,,35,,10,,,M,,M
Nov-92,1992,11,-13.6,,-20.4,,-17,,-2.8,,-30.5,,0,,36.5,,36.5,,24,,,M,,M
Dec-92,1992,12,-20.8,,-27,,-23.9,,-1.7,,-35.5,,0,T,8.2,,8.2,,21,,,,,
Jan-93,1993,1,-21.1,,-29.1,,-25.1,,-5.2,,-39.5,,0,,22.3,,22.3,,37,,,,,
Feb-93,1993,2,-21,,-27.5,,-24.2,,-5.6,,-37.8,,0,,16.3,,16.3,,48,,,,,
Mar-93,1993,3,-17.5,E,-25.2,E,-21.4,E,-9.6,E,-32.3,E,,M,13.3,I,13.3,I,55,,,,,
Apr-93,1993,4,,,,,,,,,,,,,,,,,59,,,,,
May-93,1993,5,,,,,,,,,,,,,,,,,28,,,,,
Jun-93,1993,6,,,,,,,,,,,,,,,,,0,,,,,
Jul-93,1993,7,,,,,,,,,,,,,,,,,0,,,,,
Aug-93,1993,8,,,,,,,,,,,,,,,,,0,,,,,
Sep-93,1993,9,,,,,,,,,,,,,,,,,6,,,,,
Oct-93,1993,10,,,,,,,,,,,,,,,,,8,,,,,
Nov-93,1993,11,,,,,,,,,,,,,,,,,12,,,,,
Dec-93,1993,12,,,,,,,,,,,,,,,,,,M,,,,
Jan-94,1994,1,,,,,,,,,,,,,,,,,,,,,,
Feb-94,1994,2,,,,,,,,,,,,,,,,,,,,,,
Mar-94,1994,3,,,,,,,,,,,,,,,,,,,,,,
Apr-94,1994,4,,,,,,,,,,,,,,,,,,,,,,
May-94,1994,5,,,,,,,,,,,,,,,,,,,,,,
Jun-94,1994,6,,,,,,,,,,,,,,,,,,,,,,
Jul-94,1994,7,,,,,,,,,,,,,,,,,,,,,,
Aug-94,1994,8,,,,,,,,,,,,,,,,,,,,,,
Sep-94,1994,9,,,,,,,,,,,,,,,,,,,,,,
Oct-94,1994,10,,,,,,,,,,,,,,,,,,,,,,
Nov-94,1994,11,,,,,,,,,,,,,,,,,,,,,,
Dec-94,1994,12,,,,,,,,,,,,,,,,,,,,,,
Jan-95,1995,1,,,,,,,,,,,,,,,,,,,,,,
Feb-95,1995,2,,,,,,,,,,,,,,,,,,,,,,
Mar-95,1995,3,,,,,,,,,,,,,,,,,,,,,,
Apr-95,1995,4,,,,,,,,,,,,,,,,,,,,,,
May-95,1995,5,,,,,,,,,,,,,,,,,,,,,,
Jun-95,1995,6,,,,,,,,,,,,,,,,,,,,,,
Jul-95,1995,7,,,,,,,,,,,,,,,,,,,,,,
Aug-95,1995,8,,,,,,,,,,,,,,,,,,,,,,
Sep-95,1995,9,,,,,,,,,,,,,,,,,,,,,,
Oct-95,1995,10,,,,,,,,,,,,,,,,,,,,,,
Nov-95,1995,11,,,,,,,,,,,,,,,,,,,,,,
Dec-95,1995,12,,,,,,,,,,,,,,,,,,,,,,
Jan-96,1996,1,,,,,,,,,,,,,,,,,,,,,,
Feb-96,1996,2,,,,,,,,,,,,,,,,,,,,,,
Mar-96,1996,3,,,,,,,,,,,,,,,,,,,,,,
Apr-96,1996,4,,,,,,,,,,,,,,,,,,,,,,
May-96,1996,5,,,,,,,,,,,,,,,,,,,,,,
Jun-96,1996,6,,,,,,,,,,,,,,,,,,,,,,
Jul-96,1996,7,,,,,,,,,,,,,,,,,,,,,,
Aug-96,1996,8,,,,,,,,,,,,,,,,,,,,,,
Sep-96,1996,9,,,,,,,,,,,,,,,,,,,,,,
Oct-96,1996,10,,,,,,,,,,,,,,,,,,,,,,
Nov-96,1996,11,,,,,,,,,,,,,,,,,,,,,,
Dec-96,1996,12,,,,,,,,,,,,,,,,,,,,,,
Jan-97,1997,1,,,,,,,,,,,,,,,,,,,,,,
Feb-97,1997,2,,,,,,,,,,,,,,,,,,,,,,
Mar-97,1997,3,,,,,,,,,,,,,,,,,,,,,,
Apr-97,1997,4,,,,,,,,,,,,,,,,,,,,,,
May-97,1997,5,,,,,,,,,,,,,,,,,,,,,,
Jun-97,1997,6,,,,,,,,,,,,,,,,,,,,,,
Jul-97,1997,7,,,,,,,,,,,,,,,,,,,,,,
Aug-97,1997,8,,,,,,,,,,,,,,,,,,,,,,
Sep-97,1997,9,,,,,,,,,,,,,,,,,,,,,,
Oct-97,1997,10,,,,,,,,,,,,,,,,,,,,,,
Nov-97,1997,11,,,,,,,,,,,,,,,,,,,,,,
Dec-97,1997,12,,,,,,,,,,,,,,,,,,,,,,
Jan-98,1998,1,,,,,,,,,,,,,,,,,,,,,,
Feb-98,1998,2,,,,,,,,,,,,,,,,,,,,,,
Mar-98,1998,3,,,,,,,,,,,,,,,,,,,,,,
Apr-98,1998,4,,,,,,,,,,,,,,,,,,,,,,
May-98,1998,5,,,,,,,,,,,,,,,,,,,,,,
Jun-98,1998,6,,,,,,,,,,,,,,,,,,,,,,
Jul-98,1998,7,,,,,,,,,,,,,,,,,,,,,,
Aug-98,1998,8,,,,,,,,,,,,,,,,,,,,,,
Sep-98,1998,9,,,,,,,,,,,,,,,,,,,,,,
Oct-98,1998,10,,,,,,,,,,,,,,,,,,,,,,
Nov-98,1998,11,,,,,,,,,,,,,,,,,,,,,,
Dec-98,1998,12,,,,,,,,,,,,,,,,,,,,,,
Jan-99,1999,1,,,,,,,,,,,,,,,,,,,,,,
Feb-99,1999,2,,,,,,,,,,,,,,,,,,,,,,
Mar-99,1999,3,,,,,,,,,,,,,,,,,,,,,,
Apr-99,1999,4,,,,,,,,,,,,,,,,,,,,,,
May-99,1999,5,,,,,,,,,,,,,,,,,,,,,,
Jun-99,1999,6,,,,,,,,,,,,,,,,,,,,,,
Jul-99,1999,7,,,,,,,,,,,,,,,,,,,,,,
Aug-99,1999,8,,,,,,,,,,,,,,,,,,,,,,
Sep-99,1999,9,,,,,,,,,,,,,,,,,,,,,,
Oct-99,1999,10,,,,,,,,,,,,,,,,,,,,,,
Nov-99,1999,11,,,,,,,,,,,,,,,,,,,,,,
Dec-99,1999,12,,,,,,,,,,,,,,,,,,,,,,
Jan-00,2000,1,-22.2,,-26.9,,-24.6,,-9.4,S,-33.6,,,,,,,,,,,,,
Feb-00,2000,2,-23.9,,-29.4,,-26.7,,-6.8,,-35.9,,,,,,,,,,,,,
Mar-00,2000,3,-21.9,,-27.1,,-24.5,,-7.9,,-33.6,,,,,,,,,,,,,
Apr-00,2000,4,-14.7,E,-21.4,E,-18.1,E,-5.5,,-32.5,E,,,,,,,,,,,,
May-00,2000,5,-6.4,,-12,,-9.2,,-1.8,,-16.9,,,,,,,,,,,,,
Jun-00,2000,6,4.7,,-1,,1.9,,13.5,,-9.6,,,,,,,,0,,,,,
Jul-00,2000,7,8.9,,1.3,,5.1,,22.6,,-3.5,,,,0,,,,0,,,,,
Aug-00,2000,8,6.4,,1.7,,4.1,,19,,-1.5,,,,0,,,,0,,,,,
Sep-00,2000,9,1.6,,-1.6,,0,,13.2,,-7.3,,,,,,,,,M,,,,
Oct-00,2000,10,-5,,-8.5,,-6.8,,-1.3,,-16.1,S,,,,,,,,,,,,
Nov-00,2000,11,-16.1,,-20.9,,-18.6,,-7.4,,-30.1,,,,,,,,,,,,,
Dec-00,2000,12,-21.8,,-27.4,,-24.6,,-15.7,,-33.2,,,,,,,,,,,,,
Jan-01,2001,1,-20.4,,-25.2,,-22.8,,-7.1,,-34,,,,,,,,,,,,,
Feb-01,2001,2,-20.1,,-25.5,,-22.8,,-8.1,S,-33.7,,,,,,,,,,,,,
Mar-01,2001,3,-23.7,,-28.3,,-26,,-14.3,,-35.4,,,,,,,,,,,,,
Apr-01,2001,4,-12.3,,-18.2,,-15.3,,-5.3,,-28.6,,,,,,,,,,,,,
May-01,2001,5,-4.9,,-9.3,,-7.1,,1.2,,-18.1,,,,,,,,,,,,,
Jun-01,2001,6,3.8,,-1.8,,1,,16.9,,-5.4,,,,,,,,0,,,,,
Jul-01,2001,7,9.3,,2.1,,5.7,,22.1,S,-1.7,,,,,,,,0,,,,,
Aug-01,2001,8,7.2,,1.7,,4.5,,14.3,,-1.8,,,,,,,,0,,,,,
Sep-01,2001,9,,,,,,,,,,,,,,,,,,,,,,
Oct-01,2001,10,-3.9,,-7.2,,-5.6,,1.5,,-13.4,,,,,,,,,,,,,
Nov-01,2001,11,-12.1,,-16.7,,-14.4,,-5.2,,-27.4,,,,,,,,,,,,,
Dec-01,2001,12,-16.4,,-22.2,,-19.3,,-8.1,,-30.7,,,,,,,,,,,,,
Jan-02,2002,1,-22.6,,-28,,-25.3,,-12.1,,-34.8,,,,,,,,,,,,,
Feb-02,2002,2,-27.7,,-32.3,,-30,,-20.3,,-36.9,,,,,,,,,,,,,
Mar-02,2002,3,-21,,-27.3,,-24.2,,-10,S,-40.8,,,,,,,,,,,,,
Apr-02,2002,4,-15.7,,-23.1,,-19.4,,-3,,-29,,,,,,,,,,,,,
May-02,2002,5,-5,,-11,,-8,,1.5,,-23.4,,,,,,,,0,,,,,
Jun-02,2002,6,4.1,,-1.2,,1.5,,15,,-4.3,,,,,,,,0,,,,,
Jul-02,2002,7,9.1,,1.8,,5.5,,23.2,S,-2.9,,,,,,,,0,,,,,
Aug-02,2002,8,5.6,,0.3,,3,,12.4,S,-3.2,,,,,,,,0,,,,,
Sep-02,2002,9,3.5,,0,,1.8,,13,,-4.9,,,,,,,,0,,,,,
Oct-02,2002,10,-4.1,,-7.8,,-5.9,,-0.4,S,-14.5,,,,,,,,,,,,,
Nov-02,2002,11,-11.6,,-16.9,,-14.3,,-4.9,,-22.4,,,,,,,,,,,,,
Dec-02,2002,12,-12.2,,-16.6,,-14.4,,-4,,-30.1,,,,,,,,,,,,,
Jan-03,2003,1,-21.1,,-26.5,,-23.9,,-9.1,,-32.1,,,,,,,,,,,,,
Feb-03,2003,2,-25.9,,-30.3,,-28.1,,-13.8,,-36.3,,,,,,,,,,,,,
Mar-03,2003,3,-22.8,,-27.7,,-25.3,,-16.5,,-34.5,,,,,,,,,,,,,
Apr-03,2003,4,-18.5,I,-25,I,-21.8,I,-13.8,I,-28.7,I,,,,,,,,,,,,
May-03,2003,5,,,,,,,,,,,,,,,,,,,,,,
Jun-03,2003,6,,,,,,,,,,,,,,,,,,,,,,
Jul-03,2003,7,,,,,,,,,,,,,,,,,,,,,,
Aug-03,2003,8,7.1,I,2,I,4.6,I,14.5,I,-0.8,I,,,,,,,,,,,,
Sep-03,2003,9,3.3,E,-0.4,E,1.5,E,15.8,,-4.5,,,,,,,,,,,,,
Oct-03,2003,10,-1.9,,-5.9,,-3.9,,10.7,,-13.4,,,,,,,,,,,,,
Nov-03,2003,11,-14.4,,-19.6,,-17,,-1.5,,-29.7,,,,,,,,,,,,,
Dec-03,2003,12,-21,,-24.9,,-23,,-11.7,,-28.8,,,,,,,,,,,,,
Jan-04,2004,1,-24.9,,-29.9,,-27.4,,-6.6,,-35.3,,,,,,,,,,,,,
Feb-04,2004,2,-29.7,E,-34.1,,-31.9,E,-20.8,,-39.4,,,,,,,,,,,,,
Mar-04,2004,3,-26.8,,-33.2,,-30,,-11.6,,-40.6,,,,,,,,,,,,,
Apr-04,2004,4,-15.9,,-21.3,,-18.6,,-7.9,,-26.3,S,,,,,,,,,,,,
May-04,2004,5,-8.2,,-13.3,,-10.8,,0.5,,-21.3,,,,,,,,,,,,,
Jun-04,2004,6,5.5,,-0.6,,2.5,,21.2,,-4,,,,,,,,0,,,,,
Jul-04,2004,7,10.6,,3.7,,7.2,,21.4,,-0.7,,,,0,,,,0,,,,,
Aug-04,2004,8,7.7,,2.4,,5.1,,17.8,,-1.9,,,,0,,,,0,,,,,
Sep-04,2004,9,1.2,,-2.1,,-0.5,,9.6,,-7.7,,,,,,,,,,,,,
Oct-04,2004,10,-6.2,,-9.4,,-7.8,,-1.2,,-17,,,,,,,,,,,,,
Nov-04,2004,11,-16.1,,-21.1,,-18.6,,-7.5,,-30.1,,,,,,,,,,,,,
Dec-04,2004,12,-23.8,,-29.4,,-26.6,,-8.7,,-34.8,,,,,,,,,,,,,
Jan-05,2005,1,-21.3,,-27.5,,-24.4,,-4.6,S,-35.7,,,,,,,,,,,,,
Feb-05,2005,2,-26.5,,-31.1,,-28.8,,-19.9,,-36.3,,,,,,,,,,,,,
Mar-05,2005,3,-20.9,,-26.8,,-23.8,,-10.1,,-34.8,,,,,,,,,,,,,
Apr-05,2005,4,-10.9,,-17.8,,-14.4,,0.4,,-27.4,,,,,,,,,,,,,
May-05,2005,5,-4.1,,-8.9,,-6.5,,4.4,,-17.7,,,,,,,,0,,,,,
Jun-05,2005,6,4,,-0.4,,1.8,,15.3,,-3.9,,,,,,,,0,,,,,
Jul-05,2005,7,6.1,,1.7,,4,,11.5,,-1.2,,,,,,,,0,,,,,
Aug-05,2005,8,7.2,,2.6,,4.9,,14.3,,-1.1,,,,,,,,0,,,,,
Sep-05,2005,9,1.8,,-0.7,,0.6,,9.8,,-5.2,,,,,,,,,M,,,,
Oct-05,2005,10,-3.3,,-6.4,,-4.9,,1,,-11.5,,,,,,,,,,,,,
Nov-05,2005,11,-15.4,,-19.8,,-17.6,,-6.1,,-32.7,,,,,,0,,,,,,,
Dec-05,2005,12,-16.3,,-20.9,,-18.6,,-10.8,,-28.9,,,,,,,,,,,,,
Jan-06,2006,1,-22.4,,-27.3,,-24.9,,-10.7,,-36.7,,,,,,0,,,,,,,
Feb-06,2006,2,-15.3,,-21.5,,-18.4,,-5.5,,-30.3,,,,,,0,,,,,,,
Mar-06,2006,3,-21.2,,-26.6,,-23.9,,-11.5,,-35.6,,,,,,0,,,,,,,
Apr-06,2006,4,-14.6,,-20.7,,-17.7,,-4.4,,-28.5,,,,,,0,,,,,,,
May-06,2006,5,-1.4,,-5.1,,-3.2,,4.6,,-14.5,,,,,,0,,,,,,,
Jun-06,2006,6,5.9,,-0.8,,2.6,,14.2,,-5,,,,,,0,,0,,,,,
Jul-06,2006,7,8.3,E,2.7,E,5.4,E,17.7,E,-2.5,,,,,,0,,0,,,,,
Aug-06,2006,8,11.5,E,6.6,E,9.1,E,21.8,E,2,E,,,,,0,,0,,,,,
Sep-06,2006,9,6.1,I,2.2,I,4.2,I,15.4,I,-2.7,I,,,,,0,,,M,,,,
Oct-06,2006,10,-2.8,,-5.6,,-4.2,,1.8,,-11.1,,,,,,0,,,M,,,,
Nov-06,2006,11,-14.4,E,-19.1,E,-16.8,E,-9.7,E,-24.6,E,,,,,0,I,,,,,,
Dec-06,2006,12,-15.2,I,-20.4,E,-17.7,I,-9.2,I,-28.4,E,,,,,0,I,,,,,,
,,,,,,,,,,,,,,,,,,,,,,,,
,,,,,,,,,,,,,,,,,,,,,,,,
,,,,,,,,,,,,,,,,,,,,,,,,
,,,,,,,,,,,,,,,,,,,,,,,,
,,,,,,,,,,,,,,,,,,,,,,,,
,,,,,,,,,,,,,,,,,,,,,,,,
,,,,,,,,,,,,,,,,,,,,,,,,
,,,,,,,,,,,,,,,,,,,,,,,,
